[1,   100] loss: 2.201
[1,   200] loss: 2.084
[1,   300] loss: 2.015
[1,   400] loss: 2.054
[1,   500] loss: 1.978
[1,   600] loss: 2.070
[1,   700] loss: 1.884
[1,   800] loss: 1.958
[1,   900] loss: 1.898
[1,  1000] loss: 1.870
[1,  1100] loss: 1.839
[1,  1200] loss: 1.899
[1,  1300] loss: 1.840
[1,  1400] loss: 1.827
[1,  1500] loss: 1.798
[1,  1600] loss: 1.792
[1,  1700] loss: 1.759
[1,  1800] loss: 1.762
[1,  1900] loss: 1.683
[1,  2000] loss: 1.771
[1,  2100] loss: 1.757
[1,  2200] loss: 1.705
[1,  2300] loss: 1.781
[1,  2400] loss: 1.673
[1,  2500] loss: 1.678
[1,  2600] loss: 1.708
[1,  2700] loss: 1.649
[1,  2800] loss: 1.545
[1,  2900] loss: 1.719
[1,  3000] loss: 1.657
[1,  3100] loss: 1.574
[1,  3200] loss: 1.674
[1,  3300] loss: 1.660
[1,  3400] loss: 1.619
[1,  3500] loss: 1.593
[1,  3600] loss: 1.561
[1,  3700] loss: 1.621
[1,  3800] loss: 1.567
[1,  3900] loss: 1.535
[1,  4000] loss: 1.594
[1,  4100] loss: 1.558
[1,  4200] loss: 1.618
[1,  4300] loss: 1.570
[1,  4400] loss: 1.446
[1,  4500] loss: 1.653
[1,  4600] loss: 1.542
[1,  4700] loss: 1.510
[1,  4800] loss: 1.461
[1,  4900] loss: 1.453
[1,  5000] loss: 1.457
[1,  5100] loss: 1.494
[1,  5200] loss: 1.398
[1,  5300] loss: 1.423
[1,  5400] loss: 1.531
[1,  5500] loss: 1.491
[1,  5600] loss: 1.360
[1,  5700] loss: 1.443
[1,  5800] loss: 1.501
[1,  5900] loss: 1.469
[1,  6000] loss: 1.425
[1,  6100] loss: 1.391
[1,  6200] loss: 1.395
[1,  6300] loss: 1.441
[1,  6400] loss: 1.535
[1,  6500] loss: 1.362
[1,  6600] loss: 1.466
[1,  6700] loss: 1.419
[1,  6800] loss: 1.455
[1,  6900] loss: 1.462
[1,  7000] loss: 1.515
[1,  7100] loss: 1.398
[1,  7200] loss: 1.367
[1,  7300] loss: 1.421
[1,  7400] loss: 1.349
[1,  7500] loss: 1.335
[1,  7600] loss: 1.440
[1,  7700] loss: 1.316
[1,  7800] loss: 1.339
[1,  7900] loss: 1.458
[1,  8000] loss: 1.299
[1,  8100] loss: 1.392
[1,  8200] loss: 1.345
[1,  8300] loss: 1.401
[1,  8400] loss: 1.383
[1,  8500] loss: 1.407
[1,  8600] loss: 1.340
[1,  8700] loss: 1.320
[1,  8800] loss: 1.291
[1,  8900] loss: 1.282
[1,  9000] loss: 1.359
[1,  9100] loss: 1.308
[1,  9200] loss: 1.339
[1,  9300] loss: 1.390
[1,  9400] loss: 1.340
[1,  9500] loss: 1.360
[1,  9600] loss: 1.349
[1,  9700] loss: 1.291
[1,  9800] loss: 1.245
[1,  9900] loss: 1.285
[1, 10000] loss: 1.291
[1, 10100] loss: 1.304
[1, 10200] loss: 1.259
[1, 10300] loss: 1.320
[1, 10400] loss: 1.315
[1, 10500] loss: 1.393
[1, 10600] loss: 1.264
[1, 10700] loss: 1.304
[1, 10800] loss: 1.275
[1, 10900] loss: 1.362
[1, 11000] loss: 1.248
[1, 11100] loss: 1.277
[1, 11200] loss: 1.321
[1, 11300] loss: 1.311
[1, 11400] loss: 1.324
[1, 11500] loss: 1.197
[1, 11600] loss: 1.265
[1, 11700] loss: 1.240
[1, 11800] loss: 1.331
[1, 11900] loss: 1.283
[1, 12000] loss: 1.274
[1, 12100] loss: 1.257
[1, 12200] loss: 1.251
[1, 12300] loss: 1.288
[1, 12400] loss: 1.273
[1, 12500] loss: 1.182
[2,   100] loss: 1.188
[2,   200] loss: 1.206
[2,   300] loss: 1.314
[2,   400] loss: 1.271
[2,   500] loss: 1.119
[2,   600] loss: 1.170
[2,   700] loss: 1.219
[2,   800] loss: 1.243
[2,   900] loss: 1.138
[2,  1000] loss: 1.224
[2,  1100] loss: 1.215
[2,  1200] loss: 1.144
[2,  1300] loss: 1.206
[2,  1400] loss: 1.217
[2,  1500] loss: 1.264
[2,  1600] loss: 1.229
[2,  1700] loss: 1.165
[2,  1800] loss: 1.241
[2,  1900] loss: 1.228
[2,  2000] loss: 1.250
[2,  2100] loss: 1.133
[2,  2200] loss: 1.147
[2,  2300] loss: 1.101
[2,  2400] loss: 1.189
[2,  2500] loss: 1.227
[2,  2600] loss: 1.123
[2,  2700] loss: 1.245
[2,  2800] loss: 1.110
[2,  2900] loss: 1.174
[2,  3000] loss: 1.195
[2,  3100] loss: 1.101
[2,  3200] loss: 1.202
[2,  3300] loss: 1.235
[2,  3400] loss: 1.199
[2,  3500] loss: 1.229
[2,  3600] loss: 1.240
[2,  3700] loss: 1.044
[2,  3800] loss: 1.186
[2,  3900] loss: 1.227
[2,  4000] loss: 1.146
[2,  4100] loss: 1.130
[2,  4200] loss: 1.212
[2,  4300] loss: 1.269
[2,  4400] loss: 1.159
[2,  4500] loss: 1.180
[2,  4600] loss: 1.278
[2,  4700] loss: 1.154
[2,  4800] loss: 1.055
[2,  4900] loss: 1.225
[2,  5000] loss: 1.128
[2,  5100] loss: 1.164
[2,  5200] loss: 1.134
[2,  5300] loss: 1.029
[2,  5400] loss: 1.106
[2,  5500] loss: 1.171
[2,  5600] loss: 1.117
[2,  5700] loss: 1.091
[2,  5800] loss: 1.123
[2,  5900] loss: 1.046
[2,  6000] loss: 1.131
[2,  6100] loss: 1.167
[2,  6200] loss: 1.108
[2,  6300] loss: 1.170
[2,  6400] loss: 1.023
[2,  6500] loss: 1.086
[2,  6600] loss: 1.112
[2,  6700] loss: 1.049
[2,  6800] loss: 1.150
[2,  6900] loss: 1.105
[2,  7000] loss: 1.081
[2,  7100] loss: 1.209
[2,  7200] loss: 1.246
[2,  7300] loss: 1.018
[2,  7400] loss: 1.024
[2,  7500] loss: 1.057
[2,  7600] loss: 1.093
[2,  7700] loss: 1.058
[2,  7800] loss: 1.139
[2,  7900] loss: 1.170
[2,  8000] loss: 0.991
[2,  8100] loss: 1.147
[2,  8200] loss: 1.208
[2,  8300] loss: 1.081
[2,  8400] loss: 1.060
[2,  8500] loss: 1.180
[2,  8600] loss: 1.077
[2,  8700] loss: 1.065
[2,  8800] loss: 1.081
[2,  8900] loss: 1.045
[2,  9000] loss: 1.152
[2,  9100] loss: 1.148
[2,  9200] loss: 1.038
[2,  9300] loss: 1.053
[2,  9400] loss: 1.039
[2,  9500] loss: 1.011
[2,  9600] loss: 1.026
[2,  9700] loss: 1.116
[2,  9800] loss: 1.044
[2,  9900] loss: 1.115
[2, 10000] loss: 1.055
[2, 10100] loss: 1.024
[2, 10200] loss: 1.076
[2, 10300] loss: 1.067
[2, 10400] loss: 1.125
[2, 10500] loss: 1.122
[2, 10600] loss: 1.111
[2, 10700] loss: 0.993
[2, 10800] loss: 1.070
[2, 10900] loss: 1.046
[2, 11000] loss: 1.066
[2, 11100] loss: 1.029
[2, 11200] loss: 1.099
[2, 11300] loss: 1.096
[2, 11400] loss: 1.121
[2, 11500] loss: 1.034
[2, 11600] loss: 0.995
[2, 11700] loss: 0.999
[2, 11800] loss: 0.987
[2, 11900] loss: 1.055
[2, 12000] loss: 1.155
[2, 12100] loss: 0.956
[2, 12200] loss: 1.117
[2, 12300] loss: 1.036
[2, 12400] loss: 0.945
[2, 12500] loss: 1.151
[3,   100] loss: 1.042
[3,   200] loss: 0.959
[3,   300] loss: 1.096
[3,   400] loss: 1.014
[3,   500] loss: 1.031
[3,   600] loss: 0.985
[3,   700] loss: 1.093
[3,   800] loss: 1.077
[3,   900] loss: 1.005
[3,  1000] loss: 0.959
[3,  1100] loss: 1.029
[3,  1200] loss: 0.891
[3,  1300] loss: 0.916
[3,  1400] loss: 1.032
[3,  1500] loss: 0.882
[3,  1600] loss: 1.051
[3,  1700] loss: 0.987
[3,  1800] loss: 1.076
[3,  1900] loss: 1.007
[3,  2000] loss: 1.014
[3,  2100] loss: 1.017
[3,  2200] loss: 1.010
[3,  2300] loss: 0.977
[3,  2400] loss: 0.917
[3,  2500] loss: 1.058
[3,  2600] loss: 1.042
[3,  2700] loss: 1.048
[3,  2800] loss: 1.027
[3,  2900] loss: 0.877
[3,  3000] loss: 0.949
[3,  3100] loss: 0.934
[3,  3200] loss: 0.899
[3,  3300] loss: 0.942
[3,  3400] loss: 0.898
[3,  3500] loss: 0.969
[3,  3600] loss: 0.866
[3,  3700] loss: 0.940
[3,  3800] loss: 0.793
[3,  3900] loss: 0.939
[3,  4000] loss: 1.041
[3,  4100] loss: 0.975
[3,  4200] loss: 0.886
[3,  4300] loss: 1.036
[3,  4400] loss: 0.923
[3,  4500] loss: 1.030
[3,  4600] loss: 0.948
[3,  4700] loss: 0.957
[3,  4800] loss: 0.989
[3,  4900] loss: 0.917
[3,  5000] loss: 1.013
[3,  5100] loss: 1.014
[3,  5200] loss: 0.943
[3,  5300] loss: 0.858
[3,  5400] loss: 1.108
[3,  5500] loss: 0.910
[3,  5600] loss: 0.933
[3,  5700] loss: 1.032
[3,  5800] loss: 0.903
[3,  5900] loss: 1.056
[3,  6000] loss: 0.918
[3,  6100] loss: 0.900
[3,  6200] loss: 0.883
[3,  6300] loss: 1.031
[3,  6400] loss: 0.958
[3,  6500] loss: 0.982
[3,  6600] loss: 1.008
[3,  6700] loss: 0.878
[3,  6800] loss: 1.030
[3,  6900] loss: 0.957
[3,  7000] loss: 0.860
[3,  7100] loss: 0.926
[3,  7200] loss: 1.014
[3,  7300] loss: 0.981
[3,  7400] loss: 0.937
[3,  7500] loss: 0.875
[3,  7600] loss: 0.927
[3,  7700] loss: 0.974
[3,  7800] loss: 0.843
[3,  7900] loss: 0.973
[3,  8000] loss: 0.831
[3,  8100] loss: 0.894
[3,  8200] loss: 0.886
[3,  8300] loss: 0.975
[3,  8400] loss: 0.948
[3,  8500] loss: 0.867
[3,  8600] loss: 0.889
[3,  8700] loss: 0.906
[3,  8800] loss: 0.885
[3,  8900] loss: 0.969
[3,  9000] loss: 0.905
[3,  9100] loss: 0.788
[3,  9200] loss: 0.944
[3,  9300] loss: 0.937
[3,  9400] loss: 0.907
[3,  9500] loss: 0.832
[3,  9600] loss: 0.965
[3,  9700] loss: 0.842
[3,  9800] loss: 0.897
[3,  9900] loss: 0.985
[3, 10000] loss: 0.893
[3, 10100] loss: 0.921
[3, 10200] loss: 0.853
[3, 10300] loss: 0.927
[3, 10400] loss: 0.954
[3, 10500] loss: 0.855
[3, 10600] loss: 0.904
[3, 10700] loss: 0.951
[3, 10800] loss: 0.864
[3, 10900] loss: 0.883
[3, 11000] loss: 0.975
[3, 11100] loss: 0.909
[3, 11200] loss: 0.883
[3, 11300] loss: 0.805
[3, 11400] loss: 0.991
[3, 11500] loss: 0.900
[3, 11600] loss: 0.755
[3, 11700] loss: 0.992
[3, 11800] loss: 0.862
[3, 11900] loss: 0.956
[3, 12000] loss: 0.926
[3, 12100] loss: 0.877
[3, 12200] loss: 0.754
[3, 12300] loss: 0.841
[3, 12400] loss: 1.043
[3, 12500] loss: 1.008
[4,   100] loss: 0.846
[4,   200] loss: 0.917
[4,   300] loss: 0.900
[4,   400] loss: 0.877
[4,   500] loss: 0.892
[4,   600] loss: 0.801
[4,   700] loss: 0.824
[4,   800] loss: 0.912
[4,   900] loss: 0.842
[4,  1000] loss: 0.848
[4,  1100] loss: 0.922
[4,  1200] loss: 0.846
[4,  1300] loss: 0.771
[4,  1400] loss: 0.805
[4,  1500] loss: 0.776
[4,  1600] loss: 0.820
[4,  1700] loss: 0.854
[4,  1800] loss: 0.863
[4,  1900] loss: 0.828
[4,  2000] loss: 0.875
[4,  2100] loss: 0.822
[4,  2200] loss: 1.011
[4,  2300] loss: 0.806
[4,  2400] loss: 0.783
[4,  2500] loss: 0.845
[4,  2600] loss: 0.830
[4,  2700] loss: 0.793
[4,  2800] loss: 0.811
[4,  2900] loss: 0.790
[4,  3000] loss: 0.874
[4,  3100] loss: 0.782
[4,  3200] loss: 0.747
[4,  3300] loss: 0.762
[4,  3400] loss: 0.938
[4,  3500] loss: 0.830
[4,  3600] loss: 0.750
[4,  3700] loss: 0.893
[4,  3800] loss: 0.724
[4,  3900] loss: 0.777
[4,  4000] loss: 0.866
[4,  4100] loss: 0.736
[4,  4200] loss: 0.857
[4,  4300] loss: 0.852
[4,  4400] loss: 0.805
[4,  4500] loss: 0.744
[4,  4600] loss: 0.840
[4,  4700] loss: 0.718
[4,  4800] loss: 0.909
[4,  4900] loss: 0.853
[4,  5000] loss: 0.875
[4,  5100] loss: 0.807
[4,  5200] loss: 0.797
[4,  5300] loss: 0.748
[4,  5400] loss: 0.819
[4,  5500] loss: 0.824
[4,  5600] loss: 0.860
[4,  5700] loss: 0.859
[4,  5800] loss: 0.838
[4,  5900] loss: 0.874
[4,  6000] loss: 0.936
[4,  6100] loss: 0.820
[4,  6200] loss: 0.745
[4,  6300] loss: 0.939
[4,  6400] loss: 0.806
[4,  6500] loss: 0.820
[4,  6600] loss: 0.884
[4,  6700] loss: 0.768
[4,  6800] loss: 0.880
[4,  6900] loss: 0.820
[4,  7000] loss: 0.738
[4,  7100] loss: 0.924
[4,  7200] loss: 0.864
[4,  7300] loss: 0.790
[4,  7400] loss: 0.875
[4,  7500] loss: 0.844
[4,  7600] loss: 0.748
[4,  7700] loss: 0.727
[4,  7800] loss: 0.798
[4,  7900] loss: 0.780
[4,  8000] loss: 0.883
[4,  8100] loss: 0.785
[4,  8200] loss: 0.855
[4,  8300] loss: 0.855
[4,  8400] loss: 0.777
[4,  8500] loss: 0.820
[4,  8600] loss: 0.746
[4,  8700] loss: 0.769
[4,  8800] loss: 0.809
[4,  8900] loss: 0.821
[4,  9000] loss: 0.657
[4,  9100] loss: 0.871
[4,  9200] loss: 0.793
[4,  9300] loss: 0.955
[4,  9400] loss: 0.835
[4,  9500] loss: 0.790
[4,  9600] loss: 0.805
[4,  9700] loss: 0.815
[4,  9800] loss: 0.824
[4,  9900] loss: 0.836
[4, 10000] loss: 0.879
[4, 10100] loss: 0.784
[4, 10200] loss: 0.759
[4, 10300] loss: 0.760
[4, 10400] loss: 0.845
[4, 10500] loss: 0.708
[4, 10600] loss: 0.780
[4, 10700] loss: 0.796
[4, 10800] loss: 0.869
[4, 10900] loss: 0.871
[4, 11000] loss: 0.799
[4, 11100] loss: 0.817
[4, 11200] loss: 0.833
[4, 11300] loss: 0.797
[4, 11400] loss: 0.782
[4, 11500] loss: 0.854
[4, 11600] loss: 0.849
[4, 11700] loss: 0.772
[4, 11800] loss: 0.813
[4, 11900] loss: 0.748
[4, 12000] loss: 0.827
[4, 12100] loss: 0.756
[4, 12200] loss: 0.836
[4, 12300] loss: 0.841
[4, 12400] loss: 0.706
[4, 12500] loss: 0.849
[5,   100] loss: 0.747
[5,   200] loss: 0.817
[5,   300] loss: 0.724
[5,   400] loss: 0.795
[5,   500] loss: 0.575
[5,   600] loss: 0.698
[5,   700] loss: 0.861
[5,   800] loss: 0.708
[5,   900] loss: 0.722
[5,  1000] loss: 0.887
[5,  1100] loss: 0.795
[5,  1200] loss: 0.709
[5,  1300] loss: 0.667
[5,  1400] loss: 0.681
[5,  1500] loss: 0.678
[5,  1600] loss: 0.759
[5,  1700] loss: 0.751
[5,  1800] loss: 0.788
[5,  1900] loss: 0.656
[5,  2000] loss: 0.697
[5,  2100] loss: 0.740
[5,  2200] loss: 0.700
[5,  2300] loss: 0.781
[5,  2400] loss: 0.710
[5,  2500] loss: 0.807
[5,  2600] loss: 0.739
[5,  2700] loss: 0.919
[5,  2800] loss: 0.816
[5,  2900] loss: 0.750
[5,  3000] loss: 0.769
[5,  3100] loss: 0.820
[5,  3200] loss: 0.720
[5,  3300] loss: 0.808
[5,  3400] loss: 0.696
[5,  3500] loss: 0.789
[5,  3600] loss: 0.757
[5,  3700] loss: 0.822
[5,  3800] loss: 0.754
[5,  3900] loss: 0.808
[5,  4000] loss: 0.743
[5,  4100] loss: 0.675
[5,  4200] loss: 0.692
[5,  4300] loss: 0.781
[5,  4400] loss: 0.736
[5,  4500] loss: 0.726
[5,  4600] loss: 0.703
[5,  4700] loss: 0.721
[5,  4800] loss: 0.707
[5,  4900] loss: 0.676
[5,  5000] loss: 0.771
[5,  5100] loss: 0.713
[5,  5200] loss: 0.759
[5,  5300] loss: 0.717
[5,  5400] loss: 0.775
[5,  5500] loss: 0.753
[5,  5600] loss: 0.748
[5,  5700] loss: 0.818
[5,  5800] loss: 0.646
[5,  5900] loss: 0.765
[5,  6000] loss: 0.748
[5,  6100] loss: 0.766
[5,  6200] loss: 0.748
[5,  6300] loss: 0.741
[5,  6400] loss: 0.721
[5,  6500] loss: 0.752
[5,  6600] loss: 0.738
[5,  6700] loss: 0.837
[5,  6800] loss: 0.630
[5,  6900] loss: 0.731
[5,  7000] loss: 0.681
[5,  7100] loss: 0.715
[5,  7200] loss: 0.679
[5,  7300] loss: 0.666
[5,  7400] loss: 0.749
[5,  7500] loss: 0.791
[5,  7600] loss: 0.812
[5,  7700] loss: 0.710
[5,  7800] loss: 0.733
[5,  7900] loss: 0.686
[5,  8000] loss: 0.673
[5,  8100] loss: 0.687
[5,  8200] loss: 0.632
[5,  8300] loss: 0.715
[5,  8400] loss: 0.723
[5,  8500] loss: 0.683
[5,  8600] loss: 0.783
[5,  8700] loss: 0.724
[5,  8800] loss: 0.705
[5,  8900] loss: 0.719
[5,  9000] loss: 0.754
[5,  9100] loss: 0.651
[5,  9200] loss: 0.790
[5,  9300] loss: 0.725
[5,  9400] loss: 0.711
[5,  9500] loss: 0.638
[5,  9600] loss: 0.793
[5,  9700] loss: 0.732
[5,  9800] loss: 0.688
[5,  9900] loss: 0.722
[5, 10000] loss: 0.722
[5, 10100] loss: 0.747
[5, 10200] loss: 0.814
[5, 10300] loss: 0.859
[5, 10400] loss: 0.813
[5, 10500] loss: 0.626
[5, 10600] loss: 0.659
[5, 10700] loss: 0.831
[5, 10800] loss: 0.744
[5, 10900] loss: 0.796
[5, 11000] loss: 0.695
[5, 11100] loss: 0.652
[5, 11200] loss: 0.726
[5, 11300] loss: 0.753
[5, 11400] loss: 0.689
[5, 11500] loss: 0.737
[5, 11600] loss: 0.766
[5, 11700] loss: 0.761
[5, 11800] loss: 0.791
[5, 11900] loss: 0.766
[5, 12000] loss: 0.694
[5, 12100] loss: 0.752
[5, 12200] loss: 0.788
[5, 12300] loss: 0.812
[5, 12400] loss: 0.642
[5, 12500] loss: 0.750
[6,   100] loss: 0.648
[6,   200] loss: 0.534
[6,   300] loss: 0.717
[6,   400] loss: 0.636
[6,   500] loss: 0.763
[6,   600] loss: 0.668
[6,   700] loss: 0.716
[6,   800] loss: 0.631
[6,   900] loss: 0.707
[6,  1000] loss: 0.601
[6,  1100] loss: 0.694
[6,  1200] loss: 0.793
[6,  1300] loss: 0.652
[6,  1400] loss: 0.686
[6,  1500] loss: 0.712
[6,  1600] loss: 0.808
[6,  1700] loss: 0.684
[6,  1800] loss: 0.682
[6,  1900] loss: 0.624
[6,  2000] loss: 0.684
[6,  2100] loss: 0.572
[6,  2200] loss: 0.690
[6,  2300] loss: 0.680
[6,  2400] loss: 0.694
[6,  2500] loss: 0.566
[6,  2600] loss: 0.794
[6,  2700] loss: 0.718
[6,  2800] loss: 0.636
[6,  2900] loss: 0.684
[6,  3000] loss: 0.623
[6,  3100] loss: 0.666
[6,  3200] loss: 0.751
[6,  3300] loss: 0.678
[6,  3400] loss: 0.656
[6,  3500] loss: 0.668
[6,  3600] loss: 0.690
[6,  3700] loss: 0.746
[6,  3800] loss: 0.701
[6,  3900] loss: 0.779
[6,  4000] loss: 0.700
[6,  4100] loss: 0.731
[6,  4200] loss: 0.681
[6,  4300] loss: 0.709
[6,  4400] loss: 0.595
[6,  4500] loss: 0.645
[6,  4600] loss: 0.638
[6,  4700] loss: 0.684
[6,  4800] loss: 0.611
[6,  4900] loss: 0.619
[6,  5000] loss: 0.611
[6,  5100] loss: 0.657
[6,  5200] loss: 0.601
[6,  5300] loss: 0.693
[6,  5400] loss: 0.766
[6,  5500] loss: 0.644
[6,  5600] loss: 0.852
[6,  5700] loss: 0.645
[6,  5800] loss: 0.652
[6,  5900] loss: 0.788
[6,  6000] loss: 0.640
[6,  6100] loss: 0.766
[6,  6200] loss: 0.640
[6,  6300] loss: 0.612
[6,  6400] loss: 0.660
[6,  6500] loss: 0.678
[6,  6600] loss: 0.666
[6,  6700] loss: 0.724
[6,  6800] loss: 0.654
[6,  6900] loss: 0.661
[6,  7000] loss: 0.660
[6,  7100] loss: 0.760
[6,  7200] loss: 0.861
[6,  7300] loss: 0.657
[6,  7400] loss: 0.747
[6,  7500] loss: 0.608
[6,  7600] loss: 0.667
[6,  7700] loss: 0.709
[6,  7800] loss: 0.673
[6,  7900] loss: 0.680
[6,  8000] loss: 0.725
[6,  8100] loss: 0.684
[6,  8200] loss: 0.663
[6,  8300] loss: 0.686
[6,  8400] loss: 0.801
[6,  8500] loss: 0.656
[6,  8600] loss: 0.727
[6,  8700] loss: 0.738
[6,  8800] loss: 0.663
[6,  8900] loss: 0.712
[6,  9000] loss: 0.715
[6,  9100] loss: 0.648
[6,  9200] loss: 0.676
[6,  9300] loss: 0.663
[6,  9400] loss: 0.711
[6,  9500] loss: 0.596
[6,  9600] loss: 0.625
[6,  9700] loss: 0.646
[6,  9800] loss: 0.701
[6,  9900] loss: 0.688
[6, 10000] loss: 0.619
[6, 10100] loss: 0.648
[6, 10200] loss: 0.503
[6, 10300] loss: 0.652
[6, 10400] loss: 0.693
[6, 10500] loss: 0.676
[6, 10600] loss: 0.582
[6, 10700] loss: 0.723
[6, 10800] loss: 0.612
[6, 10900] loss: 0.674
[6, 11000] loss: 0.621
[6, 11100] loss: 0.662
[6, 11200] loss: 0.621
[6, 11300] loss: 0.726
[6, 11400] loss: 0.674
[6, 11500] loss: 0.727
[6, 11600] loss: 0.726
[6, 11700] loss: 0.708
[6, 11800] loss: 0.597
[6, 11900] loss: 0.634
[6, 12000] loss: 0.681
[6, 12100] loss: 0.624
[6, 12200] loss: 0.767
[6, 12300] loss: 0.701
[6, 12400] loss: 0.722
[6, 12500] loss: 0.717
[7,   100] loss: 0.642
[7,   200] loss: 0.551
[7,   300] loss: 0.615
[7,   400] loss: 0.580
[7,   500] loss: 0.629
[7,   600] loss: 0.653
[7,   700] loss: 0.661
[7,   800] loss: 0.671
[7,   900] loss: 0.676
[7,  1000] loss: 0.641
[7,  1100] loss: 0.631
[7,  1200] loss: 0.614
[7,  1300] loss: 0.596
[7,  1400] loss: 0.671
[7,  1500] loss: 0.590
[7,  1600] loss: 0.572
[7,  1700] loss: 0.644
[7,  1800] loss: 0.632
[7,  1900] loss: 0.669
[7,  2000] loss: 0.684
[7,  2100] loss: 0.603
[7,  2200] loss: 0.576
[7,  2300] loss: 0.510
[7,  2400] loss: 0.573
[7,  2500] loss: 0.610
[7,  2600] loss: 0.646
[7,  2700] loss: 0.662
[7,  2800] loss: 0.648
[7,  2900] loss: 0.629
[7,  3000] loss: 0.686
[7,  3100] loss: 0.538
[7,  3200] loss: 0.705
[7,  3300] loss: 0.557
[7,  3400] loss: 0.693
[7,  3500] loss: 0.576
[7,  3600] loss: 0.681
[7,  3700] loss: 0.544
[7,  3800] loss: 0.633
[7,  3900] loss: 0.524
[7,  4000] loss: 0.680
[7,  4100] loss: 0.603
[7,  4200] loss: 0.613
[7,  4300] loss: 0.671
[7,  4400] loss: 0.696
[7,  4500] loss: 0.582
[7,  4600] loss: 0.553
[7,  4700] loss: 0.640
[7,  4800] loss: 0.640
[7,  4900] loss: 0.617
[7,  5000] loss: 0.636
[7,  5100] loss: 0.626
[7,  5200] loss: 0.725
[7,  5300] loss: 0.609
[7,  5400] loss: 0.548
[7,  5500] loss: 0.674
[7,  5600] loss: 0.590
[7,  5700] loss: 0.610
[7,  5800] loss: 0.644
[7,  5900] loss: 0.643
[7,  6000] loss: 0.550
[7,  6100] loss: 0.640
[7,  6200] loss: 0.568
[7,  6300] loss: 0.660
[7,  6400] loss: 0.671
[7,  6500] loss: 0.626
[7,  6600] loss: 0.591
[7,  6700] loss: 0.619
[7,  6800] loss: 0.518
[7,  6900] loss: 0.649
[7,  7000] loss: 0.520
[7,  7100] loss: 0.571
[7,  7200] loss: 0.602
[7,  7300] loss: 0.562
[7,  7400] loss: 0.532
[7,  7500] loss: 0.561
[7,  7600] loss: 0.555
[7,  7700] loss: 0.740
[7,  7800] loss: 0.763
[7,  7900] loss: 0.614
[7,  8000] loss: 0.729
[7,  8100] loss: 0.644
[7,  8200] loss: 0.521
[7,  8300] loss: 0.653
[7,  8400] loss: 0.558
[7,  8500] loss: 0.598
[7,  8600] loss: 0.748
[7,  8700] loss: 0.590
[7,  8800] loss: 0.625
[7,  8900] loss: 0.508
[7,  9000] loss: 0.537
[7,  9100] loss: 0.668
[7,  9200] loss: 0.628
[7,  9300] loss: 0.612
[7,  9400] loss: 0.539
[7,  9500] loss: 0.639
[7,  9600] loss: 0.668
[7,  9700] loss: 0.554
[7,  9800] loss: 0.732
[7,  9900] loss: 0.599
[7, 10000] loss: 0.553
[7, 10100] loss: 0.580
[7, 10200] loss: 0.651
[7, 10300] loss: 0.576
[7, 10400] loss: 0.568
[7, 10500] loss: 0.599
[7, 10600] loss: 0.671
[7, 10700] loss: 0.660
[7, 10800] loss: 0.587
[7, 10900] loss: 0.651
[7, 11000] loss: 0.652
[7, 11100] loss: 0.645
[7, 11200] loss: 0.628
[7, 11300] loss: 0.582
[7, 11400] loss: 0.672
[7, 11500] loss: 0.576
[7, 11600] loss: 0.586
[7, 11700] loss: 0.538
[7, 11800] loss: 0.643
[7, 11900] loss: 0.710
[7, 12000] loss: 0.623
[7, 12100] loss: 0.686
[7, 12200] loss: 0.640
[7, 12300] loss: 0.676
[7, 12400] loss: 0.649
[7, 12500] loss: 0.729
[8,   100] loss: 0.539
[8,   200] loss: 0.481
[8,   300] loss: 0.558
[8,   400] loss: 0.556
[8,   500] loss: 0.583
[8,   600] loss: 0.549
[8,   700] loss: 0.564
[8,   800] loss: 0.475
[8,   900] loss: 0.565
[8,  1000] loss: 0.665
[8,  1100] loss: 0.580
[8,  1200] loss: 0.570
[8,  1300] loss: 0.509
[8,  1400] loss: 0.639
[8,  1500] loss: 0.586
[8,  1600] loss: 0.540
[8,  1700] loss: 0.689
[8,  1800] loss: 0.619
[8,  1900] loss: 0.517
[8,  2000] loss: 0.524
[8,  2100] loss: 0.512
[8,  2200] loss: 0.640
[8,  2300] loss: 0.613
[8,  2400] loss: 0.573
[8,  2500] loss: 0.523
[8,  2600] loss: 0.624
[8,  2700] loss: 0.659
[8,  2800] loss: 0.460
[8,  2900] loss: 0.514
[8,  3000] loss: 0.592
[8,  3100] loss: 0.584
[8,  3200] loss: 0.528
[8,  3300] loss: 0.586
[8,  3400] loss: 0.572
[8,  3500] loss: 0.635
[8,  3600] loss: 0.486
[8,  3700] loss: 0.607
[8,  3800] loss: 0.555
[8,  3900] loss: 0.526
[8,  4000] loss: 0.588
[8,  4100] loss: 0.593
[8,  4200] loss: 0.614
[8,  4300] loss: 0.518
[8,  4400] loss: 0.441
[8,  4500] loss: 0.502
[8,  4600] loss: 0.566
[8,  4700] loss: 0.564
[8,  4800] loss: 0.621
[8,  4900] loss: 0.526
[8,  5000] loss: 0.575
[8,  5100] loss: 0.641
[8,  5200] loss: 0.648
[8,  5300] loss: 0.546
[8,  5400] loss: 0.578
[8,  5500] loss: 0.542
[8,  5600] loss: 0.653
[8,  5700] loss: 0.528
[8,  5800] loss: 0.560
[8,  5900] loss: 0.630
[8,  6000] loss: 0.517
[8,  6100] loss: 0.611
[8,  6200] loss: 0.561
[8,  6300] loss: 0.624
[8,  6400] loss: 0.655
[8,  6500] loss: 0.630
[8,  6600] loss: 0.601
[8,  6700] loss: 0.601
[8,  6800] loss: 0.615
[8,  6900] loss: 0.629
[8,  7000] loss: 0.551
[8,  7100] loss: 0.592
[8,  7200] loss: 0.584
[8,  7300] loss: 0.586
[8,  7400] loss: 0.645
[8,  7500] loss: 0.664
[8,  7600] loss: 0.590
[8,  7700] loss: 0.501
[8,  7800] loss: 0.556
[8,  7900] loss: 0.595
[8,  8000] loss: 0.533
[8,  8100] loss: 0.583
[8,  8200] loss: 0.606
[8,  8300] loss: 0.531
[8,  8400] loss: 0.617
[8,  8500] loss: 0.590
[8,  8600] loss: 0.563
[8,  8700] loss: 0.652
[8,  8800] loss: 0.607
[8,  8900] loss: 0.590
[8,  9000] loss: 0.600
[8,  9100] loss: 0.597
[8,  9200] loss: 0.583
[8,  9300] loss: 0.529
[8,  9400] loss: 0.563
[8,  9500] loss: 0.585
[8,  9600] loss: 0.649
[8,  9700] loss: 0.595
[8,  9800] loss: 0.603
[8,  9900] loss: 0.495
[8, 10000] loss: 0.605
[8, 10100] loss: 0.600
[8, 10200] loss: 0.572
[8, 10300] loss: 0.608
[8, 10400] loss: 0.526
[8, 10500] loss: 0.642
[8, 10600] loss: 0.656
[8, 10700] loss: 0.558
[8, 10800] loss: 0.602
[8, 10900] loss: 0.526
[8, 11000] loss: 0.556
[8, 11100] loss: 0.521
[8, 11200] loss: 0.479
[8, 11300] loss: 0.597
[8, 11400] loss: 0.480
[8, 11500] loss: 0.645
[8, 11600] loss: 0.628
[8, 11700] loss: 0.552
[8, 11800] loss: 0.578
[8, 11900] loss: 0.436
[8, 12000] loss: 0.572
[8, 12100] loss: 0.646
[8, 12200] loss: 0.491
[8, 12300] loss: 0.556
[8, 12400] loss: 0.660
[8, 12500] loss: 0.627
[9,   100] loss: 0.549
[9,   200] loss: 0.486
[9,   300] loss: 0.511
[9,   400] loss: 0.480
[9,   500] loss: 0.553
[9,   600] loss: 0.467
[9,   700] loss: 0.423
[9,   800] loss: 0.497
[9,   900] loss: 0.517
[9,  1000] loss: 0.494
[9,  1100] loss: 0.457
[9,  1200] loss: 0.473
[9,  1300] loss: 0.534
[9,  1400] loss: 0.617
[9,  1500] loss: 0.426
[9,  1600] loss: 0.563
[9,  1700] loss: 0.510
[9,  1800] loss: 0.498
[9,  1900] loss: 0.544
[9,  2000] loss: 0.598
[9,  2100] loss: 0.508
[9,  2200] loss: 0.537
[9,  2300] loss: 0.522
[9,  2400] loss: 0.607
[9,  2500] loss: 0.585
[9,  2600] loss: 0.498
[9,  2700] loss: 0.500
[9,  2800] loss: 0.454
[9,  2900] loss: 0.508
[9,  3000] loss: 0.532
[9,  3100] loss: 0.504
[9,  3200] loss: 0.512
[9,  3300] loss: 0.507
[9,  3400] loss: 0.553
[9,  3500] loss: 0.503
[9,  3600] loss: 0.524
[9,  3700] loss: 0.499
[9,  3800] loss: 0.541
[9,  3900] loss: 0.504
[9,  4000] loss: 0.552
[9,  4100] loss: 0.544
[9,  4200] loss: 0.656
[9,  4300] loss: 0.635
[9,  4400] loss: 0.585
[9,  4500] loss: 0.489
[9,  4600] loss: 0.581
[9,  4700] loss: 0.555
[9,  4800] loss: 0.489
[9,  4900] loss: 0.496
[9,  5000] loss: 0.481
[9,  5100] loss: 0.466
[9,  5200] loss: 0.450
[9,  5300] loss: 0.552
[9,  5400] loss: 0.579
[9,  5500] loss: 0.449
[9,  5600] loss: 0.525
[9,  5700] loss: 0.532
[9,  5800] loss: 0.540
[9,  5900] loss: 0.517
[9,  6000] loss: 0.535
[9,  6100] loss: 0.443
[9,  6200] loss: 0.563
[9,  6300] loss: 0.530
[9,  6400] loss: 0.564
[9,  6500] loss: 0.585
[9,  6600] loss: 0.516
[9,  6700] loss: 0.526
[9,  6800] loss: 0.638
[9,  6900] loss: 0.540
[9,  7000] loss: 0.499
[9,  7100] loss: 0.525
[9,  7200] loss: 0.538
[9,  7300] loss: 0.505
[9,  7400] loss: 0.519
[9,  7500] loss: 0.632
[9,  7600] loss: 0.566
[9,  7700] loss: 0.631
[9,  7800] loss: 0.532
[9,  7900] loss: 0.483
[9,  8000] loss: 0.537
[9,  8100] loss: 0.471
[9,  8200] loss: 0.623
[9,  8300] loss: 0.569
[9,  8400] loss: 0.524
[9,  8500] loss: 0.575
[9,  8600] loss: 0.490
[9,  8700] loss: 0.499
[9,  8800] loss: 0.624
[9,  8900] loss: 0.548
[9,  9000] loss: 0.490
[9,  9100] loss: 0.555
[9,  9200] loss: 0.576
[9,  9300] loss: 0.506
[9,  9400] loss: 0.504
[9,  9500] loss: 0.565
[9,  9600] loss: 0.500
[9,  9700] loss: 0.643
[9,  9800] loss: 0.512
[9,  9900] loss: 0.547
[9, 10000] loss: 0.499
[9, 10100] loss: 0.554
[9, 10200] loss: 0.509
[9, 10300] loss: 0.559
[9, 10400] loss: 0.516
[9, 10500] loss: 0.718
[9, 10600] loss: 0.508
[9, 10700] loss: 0.548
[9, 10800] loss: 0.516
[9, 10900] loss: 0.543
[9, 11000] loss: 0.490
[9, 11100] loss: 0.615
[9, 11200] loss: 0.561
[9, 11300] loss: 0.485
[9, 11400] loss: 0.598
[9, 11500] loss: 0.481
[9, 11600] loss: 0.573
[9, 11700] loss: 0.565
[9, 11800] loss: 0.540
[9, 11900] loss: 0.561
[9, 12000] loss: 0.513
[9, 12100] loss: 0.550
[9, 12200] loss: 0.462
[9, 12300] loss: 0.578
[9, 12400] loss: 0.527
[9, 12500] loss: 0.468
[10,   100] loss: 0.553
[10,   200] loss: 0.419
[10,   300] loss: 0.503
[10,   400] loss: 0.470
[10,   500] loss: 0.448
[10,   600] loss: 0.501
[10,   700] loss: 0.565
[10,   800] loss: 0.509
[10,   900] loss: 0.485
[10,  1000] loss: 0.543
[10,  1100] loss: 0.471
[10,  1200] loss: 0.542
[10,  1300] loss: 0.441
[10,  1400] loss: 0.413
[10,  1500] loss: 0.468
[10,  1600] loss: 0.521
[10,  1700] loss: 0.639
[10,  1800] loss: 0.467
[10,  1900] loss: 0.443
[10,  2000] loss: 0.492
[10,  2100] loss: 0.547
[10,  2200] loss: 0.547
[10,  2300] loss: 0.473
[10,  2400] loss: 0.528
[10,  2500] loss: 0.487
[10,  2600] loss: 0.460
[10,  2700] loss: 0.508
[10,  2800] loss: 0.545
[10,  2900] loss: 0.385
[10,  3000] loss: 0.581
[10,  3100] loss: 0.482
[10,  3200] loss: 0.428
[10,  3300] loss: 0.491
[10,  3400] loss: 0.507
[10,  3500] loss: 0.532
[10,  3600] loss: 0.449
[10,  3700] loss: 0.409
[10,  3800] loss: 0.448
[10,  3900] loss: 0.493
[10,  4000] loss: 0.579
[10,  4100] loss: 0.465
[10,  4200] loss: 0.475
[10,  4300] loss: 0.462
[10,  4400] loss: 0.476
[10,  4500] loss: 0.528
[10,  4600] loss: 0.602
[10,  4700] loss: 0.459
[10,  4800] loss: 0.525
[10,  4900] loss: 0.497
[10,  5000] loss: 0.400
[10,  5100] loss: 0.499
[10,  5200] loss: 0.474
[10,  5300] loss: 0.386
[10,  5400] loss: 0.543
[10,  5500] loss: 0.498
[10,  5600] loss: 0.546
[10,  5700] loss: 0.557
[10,  5800] loss: 0.520
[10,  5900] loss: 0.586
[10,  6000] loss: 0.509
[10,  6100] loss: 0.452
[10,  6200] loss: 0.574
[10,  6300] loss: 0.502
[10,  6400] loss: 0.614
[10,  6500] loss: 0.539
[10,  6600] loss: 0.470
[10,  6700] loss: 0.432
[10,  6800] loss: 0.548
[10,  6900] loss: 0.463
[10,  7000] loss: 0.539
[10,  7100] loss: 0.474
[10,  7200] loss: 0.601
[10,  7300] loss: 0.636
[10,  7400] loss: 0.497
[10,  7500] loss: 0.469
[10,  7600] loss: 0.539
[10,  7700] loss: 0.560
[10,  7800] loss: 0.562
[10,  7900] loss: 0.454
[10,  8000] loss: 0.518
[10,  8100] loss: 0.544
[10,  8200] loss: 0.423
[10,  8300] loss: 0.585
[10,  8400] loss: 0.488
[10,  8500] loss: 0.462
[10,  8600] loss: 0.474
[10,  8700] loss: 0.482
[10,  8800] loss: 0.473
[10,  8900] loss: 0.474
[10,  9000] loss: 0.545
[10,  9100] loss: 0.504
[10,  9200] loss: 0.497
[10,  9300] loss: 0.528
[10,  9400] loss: 0.461
[10,  9500] loss: 0.451
[10,  9600] loss: 0.429
[10,  9700] loss: 0.575
[10,  9800] loss: 0.580
[10,  9900] loss: 0.574
[10, 10000] loss: 0.425
[10, 10100] loss: 0.475
[10, 10200] loss: 0.566
[10, 10300] loss: 0.520
[10, 10400] loss: 0.560
[10, 10500] loss: 0.506
[10, 10600] loss: 0.569
[10, 10700] loss: 0.559
[10, 10800] loss: 0.470
[10, 10900] loss: 0.633
[10, 11000] loss: 0.455
[10, 11100] loss: 0.480
[10, 11200] loss: 0.451
[10, 11300] loss: 0.540
[10, 11400] loss: 0.520
[10, 11500] loss: 0.487
[10, 11600] loss: 0.564
[10, 11700] loss: 0.485
[10, 11800] loss: 0.450
[10, 11900] loss: 0.473
[10, 12000] loss: 0.478
[10, 12100] loss: 0.473
[10, 12200] loss: 0.565
[10, 12300] loss: 0.438
[10, 12400] loss: 0.483
[10, 12500] loss: 0.455
[1,   100] loss: 0.340
[1,   200] loss: 0.398
[1,   300] loss: 0.440
[1,   400] loss: 0.376
[1,   500] loss: 0.428
[1,   600] loss: 0.427
[1,   700] loss: 0.363
[1,   800] loss: 0.391
[1,   900] loss: 0.437
[1,  1000] loss: 0.422
[1,  1100] loss: 0.329
[1,  1200] loss: 0.408
[1,  1300] loss: 0.439
[1,  1400] loss: 0.382
[1,  1500] loss: 0.382
[1,  1600] loss: 0.468
[1,  1700] loss: 0.464
[1,  1800] loss: 0.465
[1,  1900] loss: 0.440
[1,  2000] loss: 0.378
[1,  2100] loss: 0.455
[1,  2200] loss: 0.454
[1,  2300] loss: 0.429
[1,  2400] loss: 0.451
[1,  2500] loss: 0.435
[1,  2600] loss: 0.410
[1,  2700] loss: 0.597
[1,  2800] loss: 0.449
[1,  2900] loss: 0.438
[1,  3000] loss: 0.487
[1,  3100] loss: 0.526
[1,  3200] loss: 0.459
[1,  3300] loss: 0.418
[1,  3400] loss: 0.471
[1,  3500] loss: 0.401
[1,  3600] loss: 0.534
[1,  3700] loss: 0.501
[1,  3800] loss: 0.467
[1,  3900] loss: 0.406
[1,  4000] loss: 0.427
[1,  4100] loss: 0.483
[1,  4200] loss: 0.473
[1,  4300] loss: 0.488
[1,  4400] loss: 0.486
[1,  4500] loss: 0.493
[1,  4600] loss: 0.449
[1,  4700] loss: 0.534
[1,  4800] loss: 0.411
[1,  4900] loss: 0.502
[1,  5000] loss: 0.531
[1,  5100] loss: 0.550
[1,  5200] loss: 0.468
[1,  5300] loss: 0.500
[1,  5400] loss: 0.480
[1,  5500] loss: 0.484
[1,  5600] loss: 0.487
[1,  5700] loss: 0.489
[1,  5800] loss: 0.409
[1,  5900] loss: 0.541
[1,  6000] loss: 0.456
[1,  6100] loss: 0.575
[1,  6200] loss: 0.351
[1,  6300] loss: 0.422
[1,  6400] loss: 0.404
[1,  6500] loss: 0.505
[1,  6600] loss: 0.478
[1,  6700] loss: 0.452
[1,  6800] loss: 0.442
[1,  6900] loss: 0.382
[1,  7000] loss: 0.403
[1,  7100] loss: 0.598
[1,  7200] loss: 0.413
[1,  7300] loss: 0.505
[1,  7400] loss: 0.533
[1,  7500] loss: 0.510
[1,  7600] loss: 0.438
[1,  7700] loss: 0.498
[1,  7800] loss: 0.464
[1,  7900] loss: 0.437
[1,  8000] loss: 0.535
[1,  8100] loss: 0.566
[1,  8200] loss: 0.536
[1,  8300] loss: 0.573
[1,  8400] loss: 0.515
[1,  8500] loss: 0.374
[1,  8600] loss: 0.522
[1,  8700] loss: 0.460
[1,  8800] loss: 0.490
[1,  8900] loss: 0.422
[1,  9000] loss: 0.414
[1,  9100] loss: 0.435
[1,  9200] loss: 0.454
[1,  9300] loss: 0.511
[1,  9400] loss: 0.477
[1,  9500] loss: 0.436
[1,  9600] loss: 0.429
[1,  9700] loss: 0.398
[1,  9800] loss: 0.493
[1,  9900] loss: 0.583
[1, 10000] loss: 0.560
[1, 10100] loss: 0.441
[1, 10200] loss: 0.481
[1, 10300] loss: 0.404
[1, 10400] loss: 0.514
[1, 10500] loss: 0.517
[1, 10600] loss: 0.467
[1, 10700] loss: 0.503
[1, 10800] loss: 0.454
[1, 10900] loss: 0.479
[1, 11000] loss: 0.413
[1, 11100] loss: 0.596
[1, 11200] loss: 0.553
[1, 11300] loss: 0.438
[1, 11400] loss: 0.454
[1, 11500] loss: 0.377
[1, 11600] loss: 0.542
[1, 11700] loss: 0.601
[1, 11800] loss: 0.443
[1, 11900] loss: 0.539
[1, 12000] loss: 0.433
[1, 12100] loss: 0.598
[1, 12200] loss: 0.372
[1, 12300] loss: 0.596
[1, 12400] loss: 0.396
[1, 12500] loss: 0.449
[12,   100] loss: 0.427
[12,   200] loss: 0.460
[12,   300] loss: 0.370
[12,   400] loss: 0.427
[12,   500] loss: 0.421
[12,   600] loss: 0.410
[12,   700] loss: 0.366
[12,   800] loss: 0.412
[12,   900] loss: 0.403
[12,  1000] loss: 0.382
[12,  1100] loss: 0.330
[12,  1200] loss: 0.416
[12,  1300] loss: 0.436
[12,  1400] loss: 0.371
[12,  1500] loss: 0.414
[12,  1600] loss: 0.373
[12,  1700] loss: 0.404
[12,  1800] loss: 0.380
[12,  1900] loss: 0.530
[12,  2000] loss: 0.471
[12,  2100] loss: 0.409
[12,  2200] loss: 0.410
[12,  2300] loss: 0.440
[12,  2400] loss: 0.370
[12,  2500] loss: 0.390
[12,  2600] loss: 0.400
[12,  2700] loss: 0.508
[12,  2800] loss: 0.503
[12,  2900] loss: 0.436
[12,  3000] loss: 0.422
[12,  3100] loss: 0.507
[12,  3200] loss: 0.442
[12,  3300] loss: 0.418
[12,  3400] loss: 0.420
[12,  3500] loss: 0.471
[12,  3600] loss: 0.476
[12,  3700] loss: 0.433
[12,  3800] loss: 0.380
[12,  3900] loss: 0.526
[12,  4000] loss: 0.342
[12,  4100] loss: 0.479
[12,  4200] loss: 0.491
[12,  4300] loss: 0.359
[12,  4400] loss: 0.431
[12,  4500] loss: 0.472
[12,  4600] loss: 0.457
[12,  4700] loss: 0.364
[12,  4800] loss: 0.459
[12,  4900] loss: 0.469
[12,  5000] loss: 0.459
[12,  5100] loss: 0.406
[12,  5200] loss: 0.360
[12,  5300] loss: 0.447
[12,  5400] loss: 0.471
[12,  5500] loss: 0.493
[12,  5600] loss: 0.485
[12,  5700] loss: 0.463
[12,  5800] loss: 0.393
[12,  5900] loss: 0.385
[12,  6000] loss: 0.432
[12,  6100] loss: 0.553
[12,  6200] loss: 0.383
[12,  6300] loss: 0.584
[12,  6400] loss: 0.434
[12,  6500] loss: 0.437
[12,  6600] loss: 0.461
[12,  6700] loss: 0.411
[12,  6800] loss: 0.476
[12,  6900] loss: 0.412
[12,  7000] loss: 0.525
[12,  7100] loss: 0.388
[12,  7200] loss: 0.387
[12,  7300] loss: 0.431
[12,  7400] loss: 0.408
[12,  7500] loss: 0.483
[12,  7600] loss: 0.419
[12,  7700] loss: 0.487
[12,  7800] loss: 0.372
[12,  7900] loss: 0.375
[12,  8000] loss: 0.489
[12,  8100] loss: 0.472
[12,  8200] loss: 0.376
[12,  8300] loss: 0.397
[12,  8400] loss: 0.426
[12,  8500] loss: 0.456
[12,  8600] loss: 0.434
[12,  8700] loss: 0.396
[12,  8800] loss: 0.514
[12,  8900] loss: 0.411
[12,  9000] loss: 0.439
[12,  9100] loss: 0.453
[12,  9200] loss: 0.397
[12,  9300] loss: 0.368
[12,  9400] loss: 0.474
[12,  9500] loss: 0.476
[12,  9600] loss: 0.488
[12,  9700] loss: 0.410
[12,  9800] loss: 0.457
[12,  9900] loss: 0.431
[12, 10000] loss: 0.553
[12, 10100] loss: 0.486
[12, 10200] loss: 0.458
[12, 10300] loss: 0.450
[12, 10400] loss: 0.373
[12, 10500] loss: 0.456
[12, 10600] loss: 0.406
[12, 10700] loss: 0.481
[12, 10800] loss: 0.433
[12, 10900] loss: 0.450
[12, 11000] loss: 0.359
[12, 11100] loss: 0.475
[12, 11200] loss: 0.424
[12, 11300] loss: 0.442
[12, 11400] loss: 0.419
[12, 11500] loss: 0.439
[12, 11600] loss: 0.478
[12, 11700] loss: 0.385
[12, 11800] loss: 0.398
[12, 11900] loss: 0.420
[12, 12000] loss: 0.392
[12, 12100] loss: 0.483
[12, 12200] loss: 0.446
[12, 12300] loss: 0.435
[12, 12400] loss: 0.424
[12, 12500] loss: 0.459
[13,   100] loss: 0.345
[13,   200] loss: 0.349
[13,   300] loss: 0.420
[13,   400] loss: 0.537
[13,   500] loss: 0.412
[13,   600] loss: 0.357
[13,   700] loss: 0.431
[13,   800] loss: 0.495
[13,   900] loss: 0.439
[13,  1000] loss: 0.432
[13,  1100] loss: 0.482
[13,  1200] loss: 0.296
[13,  1300] loss: 0.343
[13,  1400] loss: 0.402
[13,  1500] loss: 0.351
[13,  1600] loss: 0.368
[13,  1700] loss: 0.417
[13,  1800] loss: 0.407
[13,  1900] loss: 0.569
[13,  2000] loss: 0.361
[13,  2100] loss: 0.368
[13,  2200] loss: 0.478
[13,  2300] loss: 0.419
[13,  2400] loss: 0.411
[13,  2500] loss: 0.399
[13,  2600] loss: 0.431
[13,  2700] loss: 0.389
[13,  2800] loss: 0.404
[13,  2900] loss: 0.444
[13,  3000] loss: 0.493
[13,  3100] loss: 0.456
[13,  3200] loss: 0.384
[13,  3300] loss: 0.478
[13,  3400] loss: 0.382
[13,  3500] loss: 0.368
[13,  3600] loss: 0.449
[13,  3700] loss: 0.452
[13,  3800] loss: 0.399
[13,  3900] loss: 0.482
[13,  4000] loss: 0.407
[13,  4100] loss: 0.398
[13,  4200] loss: 0.512
[13,  4300] loss: 0.379
[13,  4400] loss: 0.447
[13,  4500] loss: 0.393
[13,  4600] loss: 0.436
[13,  4700] loss: 0.400
[13,  4800] loss: 0.313
[13,  4900] loss: 0.405
[13,  5000] loss: 0.391
[13,  5100] loss: 0.329
[13,  5200] loss: 0.437
[13,  5300] loss: 0.487
[13,  5400] loss: 0.431
[13,  5500] loss: 0.444
[13,  5600] loss: 0.496
[13,  5700] loss: 0.431
[13,  5800] loss: 0.513
[13,  5900] loss: 0.363
[13,  6000] loss: 0.446
[13,  6100] loss: 0.484
[13,  6200] loss: 0.288
[13,  6300] loss: 0.414
[13,  6400] loss: 0.446
[13,  6500] loss: 0.387
[13,  6600] loss: 0.363
[13,  6700] loss: 0.384
[13,  6800] loss: 0.381
[13,  6900] loss: 0.475
[13,  7000] loss: 0.367
[13,  7100] loss: 0.425
[13,  7200] loss: 0.468
[13,  7300] loss: 0.448
[13,  7400] loss: 0.431
[13,  7500] loss: 0.355
[13,  7600] loss: 0.382
[13,  7700] loss: 0.348
[13,  7800] loss: 0.434
[13,  7900] loss: 0.425
[13,  8000] loss: 0.465
[13,  8100] loss: 0.389
[13,  8200] loss: 0.415
[13,  8300] loss: 0.462
[13,  8400] loss: 0.435
[13,  8500] loss: 0.409
[13,  8600] loss: 0.431
[13,  8700] loss: 0.435
[13,  8800] loss: 0.347
[13,  8900] loss: 0.362
[13,  9000] loss: 0.464
[13,  9100] loss: 0.396
[13,  9200] loss: 0.396
[13,  9300] loss: 0.372
[13,  9400] loss: 0.431
[13,  9500] loss: 0.482
[13,  9600] loss: 0.418
[13,  9700] loss: 0.393
[13,  9800] loss: 0.421
[13,  9900] loss: 0.592
[13, 10000] loss: 0.346
[13, 10100] loss: 0.356
[13, 10200] loss: 0.511
[13, 10300] loss: 0.420
[13, 10400] loss: 0.434
[13, 10500] loss: 0.350
[13, 10600] loss: 0.462
[13, 10700] loss: 0.420
[13, 10800] loss: 0.419
[13, 10900] loss: 0.317
[13, 11000] loss: 0.422
[13, 11100] loss: 0.326
[13, 11200] loss: 0.420
[13, 11300] loss: 0.514
[13, 11400] loss: 0.503
[13, 11500] loss: 0.360
[13, 11600] loss: 0.474
[13, 11700] loss: 0.362
[13, 11800] loss: 0.394
[13, 11900] loss: 0.517
[13, 12000] loss: 0.457
[13, 12100] loss: 0.440
[13, 12200] loss: 0.392
[13, 12300] loss: 0.432
[13, 12400] loss: 0.410
[13, 12500] loss: 0.533
[14,   100] loss: 0.349
[14,   200] loss: 0.332
[14,   300] loss: 0.498
[14,   400] loss: 0.419
[14,   500] loss: 0.295
[14,   600] loss: 0.366
[14,   700] loss: 0.340
[14,   800] loss: 0.423
[14,   900] loss: 0.338
[14,  1000] loss: 0.382
[14,  1100] loss: 0.329
[14,  1200] loss: 0.407
[14,  1300] loss: 0.380
[14,  1400] loss: 0.398
[14,  1500] loss: 0.320
[14,  1600] loss: 0.333
[14,  1700] loss: 0.440
[14,  1800] loss: 0.353
[14,  1900] loss: 0.386
[14,  2000] loss: 0.449
[14,  2100] loss: 0.358
[14,  2200] loss: 0.371
[14,  2300] loss: 0.350
[14,  2400] loss: 0.386
[14,  2500] loss: 0.368
[14,  2600] loss: 0.421
[14,  2700] loss: 0.410
[14,  2800] loss: 0.394
[14,  2900] loss: 0.426
[14,  3000] loss: 0.479
[14,  3100] loss: 0.420
[14,  3200] loss: 0.352
[14,  3300] loss: 0.400
[14,  3400] loss: 0.447
[14,  3500] loss: 0.325
[14,  3600] loss: 0.386
[14,  3700] loss: 0.401
[14,  3800] loss: 0.358
[14,  3900] loss: 0.495
[14,  4000] loss: 0.412
[14,  4100] loss: 0.372
[14,  4200] loss: 0.556
[14,  4300] loss: 0.305
[14,  4400] loss: 0.436
[14,  4500] loss: 0.427
[14,  4600] loss: 0.306
[14,  4700] loss: 0.429
[14,  4800] loss: 0.374
[14,  4900] loss: 0.307
[14,  5000] loss: 0.545
[14,  5100] loss: 0.477
[14,  5200] loss: 0.477
[14,  5300] loss: 0.499
[14,  5400] loss: 0.369
[14,  5500] loss: 0.374
[14,  5600] loss: 0.376
[14,  5700] loss: 0.397
[14,  5800] loss: 0.387
[14,  5900] loss: 0.285
[14,  6000] loss: 0.418
[14,  6100] loss: 0.457
[14,  6200] loss: 0.464
[14,  6300] loss: 0.439
[14,  6400] loss: 0.415
[14,  6500] loss: 0.328
[14,  6600] loss: 0.366
[14,  6700] loss: 0.401
[14,  6800] loss: 0.361
[14,  6900] loss: 0.368
[14,  7000] loss: 0.411
[14,  7100] loss: 0.319
[14,  7200] loss: 0.428
[14,  7300] loss: 0.405
[14,  7400] loss: 0.380
[14,  7500] loss: 0.394
[14,  7600] loss: 0.378
[14,  7700] loss: 0.375
[14,  7800] loss: 0.403
[14,  7900] loss: 0.436
[14,  8000] loss: 0.409
[14,  8100] loss: 0.386
[14,  8200] loss: 0.415
[14,  8300] loss: 0.491
[14,  8400] loss: 0.389
[14,  8500] loss: 0.368
[14,  8600] loss: 0.311
[14,  8700] loss: 0.392
[14,  8800] loss: 0.444
[14,  8900] loss: 0.326
[14,  9000] loss: 0.394
[14,  9100] loss: 0.358
[14,  9200] loss: 0.372
[14,  9300] loss: 0.377
[14,  9400] loss: 0.321
[14,  9500] loss: 0.460
[14,  9600] loss: 0.420
[14,  9700] loss: 0.437
[14,  9800] loss: 0.363
[14,  9900] loss: 0.330
[14, 10000] loss: 0.405
[14, 10100] loss: 0.435
[14, 10200] loss: 0.392
[14, 10300] loss: 0.501
[14, 10400] loss: 0.271
[14, 10500] loss: 0.384
[14, 10600] loss: 0.378
[14, 10700] loss: 0.513
[14, 10800] loss: 0.455
[14, 10900] loss: 0.455
[14, 11000] loss: 0.452
[14, 11100] loss: 0.480
[14, 11200] loss: 0.370
[14, 11300] loss: 0.481
[14, 11400] loss: 0.377
[14, 11500] loss: 0.407
[14, 11600] loss: 0.549
[14, 11700] loss: 0.392
[14, 11800] loss: 0.350
[14, 11900] loss: 0.467
[14, 12000] loss: 0.444
[14, 12100] loss: 0.395
[14, 12200] loss: 0.430
[14, 12300] loss: 0.391
[14, 12400] loss: 0.502
[14, 12500] loss: 0.349
[15,   100] loss: 0.420
[15,   200] loss: 0.312
[15,   300] loss: 0.290
[15,   400] loss: 0.252
[15,   500] loss: 0.407
[15,   600] loss: 0.336
[15,   700] loss: 0.374
[15,   800] loss: 0.322
[15,   900] loss: 0.363
[15,  1000] loss: 0.326
[15,  1100] loss: 0.422
[15,  1200] loss: 0.265
[15,  1300] loss: 0.375
[15,  1400] loss: 0.338
[15,  1500] loss: 0.413
[15,  1600] loss: 0.401
[15,  1700] loss: 0.453
[15,  1800] loss: 0.389
[15,  1900] loss: 0.363
[15,  2000] loss: 0.385
[15,  2100] loss: 0.333
[15,  2200] loss: 0.365
[15,  2300] loss: 0.340
[15,  2400] loss: 0.280
[15,  2500] loss: 0.435
[15,  2600] loss: 0.390
[15,  2700] loss: 0.326
[15,  2800] loss: 0.347
[15,  2900] loss: 0.419
[15,  3000] loss: 0.327
[15,  3100] loss: 0.317
[15,  3200] loss: 0.431
[15,  3300] loss: 0.336
[15,  3400] loss: 0.337
[15,  3500] loss: 0.328
[15,  3600] loss: 0.373
[15,  3700] loss: 0.386
[15,  3800] loss: 0.275
[15,  3900] loss: 0.411
[15,  4000] loss: 0.436
[15,  4100] loss: 0.411
[15,  4200] loss: 0.429
[15,  4300] loss: 0.308
[15,  4400] loss: 0.378
[15,  4500] loss: 0.420
[15,  4600] loss: 0.328
[15,  4700] loss: 0.368
[15,  4800] loss: 0.306
[15,  4900] loss: 0.374
[15,  5000] loss: 0.344
[15,  5100] loss: 0.376
[15,  5200] loss: 0.403
[15,  5300] loss: 0.364
[15,  5400] loss: 0.349
[15,  5500] loss: 0.292
[15,  5600] loss: 0.364
[15,  5700] loss: 0.390
[15,  5800] loss: 0.380
[15,  5900] loss: 0.397
[15,  6000] loss: 0.385
[15,  6100] loss: 0.350
[15,  6200] loss: 0.268
[15,  6300] loss: 0.321
[15,  6400] loss: 0.450
[15,  6500] loss: 0.390
[15,  6600] loss: 0.456
[15,  6700] loss: 0.339
[15,  6800] loss: 0.360
[15,  6900] loss: 0.366
[15,  7000] loss: 0.348
[15,  7100] loss: 0.395
[15,  7200] loss: 0.359
[15,  7300] loss: 0.370
[15,  7400] loss: 0.341
[15,  7500] loss: 0.408
[15,  7600] loss: 0.440
[15,  7700] loss: 0.335
[15,  7800] loss: 0.387
[15,  7900] loss: 0.347
[15,  8000] loss: 0.372
[15,  8100] loss: 0.415
[15,  8200] loss: 0.374
[15,  8300] loss: 0.346
[15,  8400] loss: 0.391
[15,  8500] loss: 0.340
[15,  8600] loss: 0.446
[15,  8700] loss: 0.492
[15,  8800] loss: 0.337
[15,  8900] loss: 0.401
[15,  9000] loss: 0.374
[15,  9100] loss: 0.410
[15,  9200] loss: 0.365
[15,  9300] loss: 0.375
[15,  9400] loss: 0.466
[15,  9500] loss: 0.403
[15,  9600] loss: 0.388
[15,  9700] loss: 0.369
[15,  9800] loss: 0.389
[15,  9900] loss: 0.392
[15, 10000] loss: 0.390
[15, 10100] loss: 0.434
[15, 10200] loss: 0.355
[15, 10300] loss: 0.401
[15, 10400] loss: 0.363
[15, 10500] loss: 0.375
[15, 10600] loss: 0.393
[15, 10700] loss: 0.363
[15, 10800] loss: 0.355
[15, 10900] loss: 0.293
[15, 11000] loss: 0.433
[15, 11100] loss: 0.384
[15, 11200] loss: 0.463
[15, 11300] loss: 0.320
[15, 11400] loss: 0.322
[15, 11500] loss: 0.281
[15, 11600] loss: 0.401
[15, 11700] loss: 0.513
[15, 11800] loss: 0.328
[15, 11900] loss: 0.401
[15, 12000] loss: 0.398
[15, 12100] loss: 0.351
[15, 12200] loss: 0.314
[15, 12300] loss: 0.420
[15, 12400] loss: 0.391
[15, 12500] loss: 0.472
[16,   100] loss: 0.319
[16,   200] loss: 0.346
[16,   300] loss: 0.272
[16,   400] loss: 0.312
[16,   500] loss: 0.292
[16,   600] loss: 0.299
[16,   700] loss: 0.271
[16,   800] loss: 0.348
[16,   900] loss: 0.439
[16,  1000] loss: 0.251
[16,  1100] loss: 0.479
[16,  1200] loss: 0.367
[16,  1300] loss: 0.327
[16,  1400] loss: 0.330
[16,  1500] loss: 0.420
[16,  1600] loss: 0.345
[16,  1700] loss: 0.320
[16,  1800] loss: 0.363
[16,  1900] loss: 0.442
[16,  2000] loss: 0.357
[16,  2100] loss: 0.296
[16,  2200] loss: 0.329
[16,  2300] loss: 0.320
[16,  2400] loss: 0.350
[16,  2500] loss: 0.347
[16,  2600] loss: 0.291
[16,  2700] loss: 0.410
[16,  2800] loss: 0.342
[16,  2900] loss: 0.338
[16,  3000] loss: 0.383
[16,  3100] loss: 0.318
[16,  3200] loss: 0.418
[16,  3300] loss: 0.360
[16,  3400] loss: 0.348
[16,  3500] loss: 0.340
[16,  3600] loss: 0.346
[16,  3700] loss: 0.343
[16,  3800] loss: 0.302
[16,  3900] loss: 0.383
[16,  4000] loss: 0.298
[16,  4100] loss: 0.286
[16,  4200] loss: 0.386
[16,  4300] loss: 0.364
[16,  4400] loss: 0.418
[16,  4500] loss: 0.329
[16,  4600] loss: 0.433
[16,  4700] loss: 0.431
[16,  4800] loss: 0.436
[16,  4900] loss: 0.402
[16,  5000] loss: 0.473
[16,  5100] loss: 0.335
[16,  5200] loss: 0.348
[16,  5300] loss: 0.316
[16,  5400] loss: 0.406
[16,  5500] loss: 0.485
[16,  5600] loss: 0.360
[16,  5700] loss: 0.252
[16,  5800] loss: 0.413
[16,  5900] loss: 0.375
[16,  6000] loss: 0.386
[16,  6100] loss: 0.323
[16,  6200] loss: 0.297
[16,  6300] loss: 0.310
[16,  6400] loss: 0.376
[16,  6500] loss: 0.365
[16,  6600] loss: 0.318
[16,  6700] loss: 0.367
[16,  6800] loss: 0.389
[16,  6900] loss: 0.333
[16,  7000] loss: 0.362
[16,  7100] loss: 0.350
[16,  7200] loss: 0.358
[16,  7300] loss: 0.335
[16,  7400] loss: 0.290
[16,  7500] loss: 0.344
[16,  7600] loss: 0.408
[16,  7700] loss: 0.334
[16,  7800] loss: 0.337
[16,  7900] loss: 0.441
[16,  8000] loss: 0.271
[16,  8100] loss: 0.411
[16,  8200] loss: 0.298
[16,  8300] loss: 0.425
[16,  8400] loss: 0.436
[16,  8500] loss: 0.466
[16,  8600] loss: 0.321
[16,  8700] loss: 0.373
[16,  8800] loss: 0.382
[16,  8900] loss: 0.310
[16,  9000] loss: 0.348
[16,  9100] loss: 0.343
[16,  9200] loss: 0.436
[16,  9300] loss: 0.376
[16,  9400] loss: 0.418
[16,  9500] loss: 0.328
[16,  9600] loss: 0.346
[16,  9700] loss: 0.447
[16,  9800] loss: 0.325
[16,  9900] loss: 0.362
[16, 10000] loss: 0.274
[16, 10100] loss: 0.346
[16, 10200] loss: 0.383
[16, 10300] loss: 0.332
[16, 10400] loss: 0.368
[16, 10500] loss: 0.447
[16, 10600] loss: 0.437
[16, 10700] loss: 0.405
[16, 10800] loss: 0.366
[16, 10900] loss: 0.332
[16, 11000] loss: 0.315
[16, 11100] loss: 0.345
[16, 11200] loss: 0.393
[16, 11300] loss: 0.326
[16, 11400] loss: 0.403
[16, 11500] loss: 0.308
[16, 11600] loss: 0.465
[16, 11700] loss: 0.362
[16, 11800] loss: 0.428
[16, 11900] loss: 0.368
[16, 12000] loss: 0.389
[16, 12100] loss: 0.319
[16, 12200] loss: 0.289
[16, 12300] loss: 0.372
[16, 12400] loss: 0.492
[16, 12500] loss: 0.297
[17,   100] loss: 0.283
[17,   200] loss: 0.362
[17,   300] loss: 0.375
[17,   400] loss: 0.352
[17,   500] loss: 0.343
[17,   600] loss: 0.302
[17,   700] loss: 0.287
[17,   800] loss: 0.327
[17,   900] loss: 0.306
[17,  1000] loss: 0.339
[17,  1100] loss: 0.293
[17,  1200] loss: 0.345
[17,  1300] loss: 0.357
[17,  1400] loss: 0.393
[17,  1500] loss: 0.325
[17,  1600] loss: 0.281
[17,  1700] loss: 0.361
[17,  1800] loss: 0.367
[17,  1900] loss: 0.328
[17,  2000] loss: 0.291
[17,  2100] loss: 0.295
[17,  2200] loss: 0.342
[17,  2300] loss: 0.312
[17,  2400] loss: 0.327
[17,  2500] loss: 0.315
[17,  2600] loss: 0.264
[17,  2700] loss: 0.278
[17,  2800] loss: 0.349
[17,  2900] loss: 0.350
[17,  3000] loss: 0.313
[17,  3100] loss: 0.399
[17,  3200] loss: 0.256
[17,  3300] loss: 0.364
[17,  3400] loss: 0.299
[17,  3500] loss: 0.405
[17,  3600] loss: 0.325
[17,  3700] loss: 0.326
[17,  3800] loss: 0.411
[17,  3900] loss: 0.281
[17,  4000] loss: 0.400
[17,  4100] loss: 0.324
[17,  4200] loss: 0.328
[17,  4300] loss: 0.230
[17,  4400] loss: 0.368
[17,  4500] loss: 0.292
[17,  4600] loss: 0.397
[17,  4700] loss: 0.383
[17,  4800] loss: 0.376
[17,  4900] loss: 0.286
[17,  5000] loss: 0.344
[17,  5100] loss: 0.354
[17,  5200] loss: 0.325
[17,  5300] loss: 0.341
[17,  5400] loss: 0.263
[17,  5500] loss: 0.309
[17,  5600] loss: 0.313
[17,  5700] loss: 0.375
[17,  5800] loss: 0.257
[17,  5900] loss: 0.370
[17,  6000] loss: 0.358
[17,  6100] loss: 0.279
[17,  6200] loss: 0.327
[17,  6300] loss: 0.339
[17,  6400] loss: 0.318
[17,  6500] loss: 0.392
[17,  6600] loss: 0.288
[17,  6700] loss: 0.315
[17,  6800] loss: 0.358
[17,  6900] loss: 0.441
[17,  7000] loss: 0.329
[17,  7100] loss: 0.350
[17,  7200] loss: 0.282
[17,  7300] loss: 0.278
[17,  7400] loss: 0.330
[17,  7500] loss: 0.339
[17,  7600] loss: 0.274
[17,  7700] loss: 0.301
[17,  7800] loss: 0.349
[17,  7900] loss: 0.312
[17,  8000] loss: 0.264
[17,  8100] loss: 0.333
[17,  8200] loss: 0.354
[17,  8300] loss: 0.425
[17,  8400] loss: 0.440
[17,  8500] loss: 0.423
[17,  8600] loss: 0.383
[17,  8700] loss: 0.319
[17,  8800] loss: 0.357
[17,  8900] loss: 0.269
[17,  9000] loss: 0.368
[17,  9100] loss: 0.356
[17,  9200] loss: 0.307
[17,  9300] loss: 0.305
[17,  9400] loss: 0.331
[17,  9500] loss: 0.421
[17,  9600] loss: 0.383
[17,  9700] loss: 0.390
[17,  9800] loss: 0.380
[17,  9900] loss: 0.326
[17, 10000] loss: 0.375
[17, 10100] loss: 0.330
[17, 10200] loss: 0.311
[17, 10300] loss: 0.353
[17, 10400] loss: 0.400
[17, 10500] loss: 0.278
[17, 10600] loss: 0.390
[17, 10700] loss: 0.328
[17, 10800] loss: 0.336
[17, 10900] loss: 0.335
[17, 11000] loss: 0.331
[17, 11100] loss: 0.324
[17, 11200] loss: 0.344
[17, 11300] loss: 0.286
[17, 11400] loss: 0.382
[17, 11500] loss: 0.378
[17, 11600] loss: 0.325
[17, 11700] loss: 0.382
[17, 11800] loss: 0.395
[17, 11900] loss: 0.375
[17, 12000] loss: 0.311
[17, 12100] loss: 0.309
[17, 12200] loss: 0.318
[17, 12300] loss: 0.361
[17, 12400] loss: 0.454
[17, 12500] loss: 0.335
[18,   100] loss: 0.297
[18,   200] loss: 0.317
[18,   300] loss: 0.335
[18,   400] loss: 0.314
[18,   500] loss: 0.296
[18,   600] loss: 0.314
[18,   700] loss: 0.345
[18,   800] loss: 0.288
[18,   900] loss: 0.267
[18,  1000] loss: 0.256
[18,  1100] loss: 0.395
[18,  1200] loss: 0.245
[18,  1300] loss: 0.311
[18,  1400] loss: 0.412
[18,  1500] loss: 0.404
[18,  1600] loss: 0.268
[18,  1700] loss: 0.359
[18,  1800] loss: 0.367
[18,  1900] loss: 0.386
[18,  2000] loss: 0.334
[18,  2100] loss: 0.286
[18,  2200] loss: 0.358
[18,  2300] loss: 0.316
[18,  2400] loss: 0.319
[18,  2500] loss: 0.330
[18,  2600] loss: 0.314
[18,  2700] loss: 0.385
[18,  2800] loss: 0.267
[18,  2900] loss: 0.300
[18,  3000] loss: 0.301
[18,  3100] loss: 0.319
[18,  3200] loss: 0.331
[18,  3300] loss: 0.233
[18,  3400] loss: 0.370
[18,  3500] loss: 0.322
[18,  3600] loss: 0.267
[18,  3700] loss: 0.320
[18,  3800] loss: 0.262
[18,  3900] loss: 0.365
[18,  4000] loss: 0.329
[18,  4100] loss: 0.295
[18,  4200] loss: 0.340
[18,  4300] loss: 0.393
[18,  4400] loss: 0.384
[18,  4500] loss: 0.384
[18,  4600] loss: 0.357
[18,  4700] loss: 0.317
[18,  4800] loss: 0.351
[18,  4900] loss: 0.354
[18,  5000] loss: 0.417
[18,  5100] loss: 0.234
[18,  5200] loss: 0.346
[18,  5300] loss: 0.273
[18,  5400] loss: 0.342
[18,  5500] loss: 0.332
[18,  5600] loss: 0.292
[18,  5700] loss: 0.279
[18,  5800] loss: 0.339
[18,  5900] loss: 0.321
[18,  6000] loss: 0.290
[18,  6100] loss: 0.313
[18,  6200] loss: 0.318
[18,  6300] loss: 0.316
[18,  6400] loss: 0.236
[18,  6500] loss: 0.389
[18,  6600] loss: 0.280
[18,  6700] loss: 0.255
[18,  6800] loss: 0.278
[18,  6900] loss: 0.305
[18,  7000] loss: 0.358
[18,  7100] loss: 0.410
[18,  7200] loss: 0.343
[18,  7300] loss: 0.309
[18,  7400] loss: 0.295
[18,  7500] loss: 0.375
[18,  7600] loss: 0.371
[18,  7700] loss: 0.422
[18,  7800] loss: 0.260
[18,  7900] loss: 0.322
[18,  8000] loss: 0.277
[18,  8100] loss: 0.316
[18,  8200] loss: 0.289
[18,  8300] loss: 0.318
[18,  8400] loss: 0.312
[18,  8500] loss: 0.305
[18,  8600] loss: 0.306
[18,  8700] loss: 0.335
[18,  8800] loss: 0.307
[18,  8900] loss: 0.309
[18,  9000] loss: 0.417
[18,  9100] loss: 0.351
[18,  9200] loss: 0.338
[18,  9300] loss: 0.305
[18,  9400] loss: 0.283
[18,  9500] loss: 0.386
[18,  9600] loss: 0.339
[18,  9700] loss: 0.274
[18,  9800] loss: 0.341
[18,  9900] loss: 0.288
[18, 10000] loss: 0.308
[18, 10100] loss: 0.331
[18, 10200] loss: 0.360
[18, 10300] loss: 0.329
[18, 10400] loss: 0.356
[18, 10500] loss: 0.335
[18, 10600] loss: 0.333
[18, 10700] loss: 0.291
[18, 10800] loss: 0.312
[18, 10900] loss: 0.327
[18, 11000] loss: 0.347
[18, 11100] loss: 0.332
[18, 11200] loss: 0.369
[18, 11300] loss: 0.380
[18, 11400] loss: 0.343
[18, 11500] loss: 0.244
[18, 11600] loss: 0.301
[18, 11700] loss: 0.235
[18, 11800] loss: 0.289
[18, 11900] loss: 0.299
[18, 12000] loss: 0.301
[18, 12100] loss: 0.286
[18, 12200] loss: 0.309
[18, 12300] loss: 0.397
[18, 12400] loss: 0.467
[18, 12500] loss: 0.372
[19,   100] loss: 0.253
[19,   200] loss: 0.297
[19,   300] loss: 0.327
[19,   400] loss: 0.277
[19,   500] loss: 0.253
[19,   600] loss: 0.278
[19,   700] loss: 0.289
[19,   800] loss: 0.272
[19,   900] loss: 0.398
[19,  1000] loss: 0.273
[19,  1100] loss: 0.341
[19,  1200] loss: 0.343
[19,  1300] loss: 0.237
[19,  1400] loss: 0.216
[19,  1500] loss: 0.316
[19,  1600] loss: 0.281
[19,  1700] loss: 0.374
[19,  1800] loss: 0.248
[19,  1900] loss: 0.267
[19,  2000] loss: 0.344
[19,  2100] loss: 0.295
[19,  2200] loss: 0.208
[19,  2300] loss: 0.335
[19,  2400] loss: 0.270
[19,  2500] loss: 0.243
[19,  2600] loss: 0.288
[19,  2700] loss: 0.298
[19,  2800] loss: 0.328
[19,  2900] loss: 0.293
[19,  3000] loss: 0.402
[19,  3100] loss: 0.325
[19,  3200] loss: 0.286
[19,  3300] loss: 0.217
[19,  3400] loss: 0.292
[19,  3500] loss: 0.333
[19,  3600] loss: 0.309
[19,  3700] loss: 0.311
[19,  3800] loss: 0.302
[19,  3900] loss: 0.289
[19,  4000] loss: 0.264
[19,  4100] loss: 0.248
[19,  4200] loss: 0.297
[19,  4300] loss: 0.322
[19,  4400] loss: 0.293
[19,  4500] loss: 0.359
[19,  4600] loss: 0.295
[19,  4700] loss: 0.232
[19,  4800] loss: 0.226
[19,  4900] loss: 0.288
[19,  5000] loss: 0.244
[19,  5100] loss: 0.315
[19,  5200] loss: 0.277
[19,  5300] loss: 0.287
[19,  5400] loss: 0.263
[19,  5500] loss: 0.266
[19,  5600] loss: 0.308
[19,  5700] loss: 0.281
[19,  5800] loss: 0.248
[19,  5900] loss: 0.310
[19,  6000] loss: 0.310
[19,  6100] loss: 0.250
[19,  6200] loss: 0.272
[19,  6300] loss: 0.310
[19,  6400] loss: 0.485
[19,  6500] loss: 0.377
[19,  6600] loss: 0.332
[19,  6700] loss: 0.308
[19,  6800] loss: 0.300
[19,  6900] loss: 0.349
[19,  7000] loss: 0.300
[19,  7100] loss: 0.288
[19,  7200] loss: 0.351
[19,  7300] loss: 0.283
[19,  7400] loss: 0.286
[19,  7500] loss: 0.356
[19,  7600] loss: 0.257
[19,  7700] loss: 0.268
[19,  7800] loss: 0.344
[19,  7900] loss: 0.443
[19,  8000] loss: 0.173
[19,  8100] loss: 0.231
[19,  8200] loss: 0.299
[19,  8300] loss: 0.362
[19,  8400] loss: 0.257
[19,  8500] loss: 0.305
[19,  8600] loss: 0.352
[19,  8700] loss: 0.249
[19,  8800] loss: 0.356
[19,  8900] loss: 0.288
[19,  9000] loss: 0.360
[19,  9100] loss: 0.355
[19,  9200] loss: 0.310
[19,  9300] loss: 0.405
[19,  9400] loss: 0.345
[19,  9500] loss: 0.292
[19,  9600] loss: 0.371
[19,  9700] loss: 0.295
[19,  9800] loss: 0.423
[19,  9900] loss: 0.329
[19, 10000] loss: 0.328
[19, 10100] loss: 0.283
[19, 10200] loss: 0.249
[19, 10300] loss: 0.333
[19, 10400] loss: 0.274
[19, 10500] loss: 0.253
[19, 10600] loss: 0.327
[19, 10700] loss: 0.297
[19, 10800] loss: 0.350
[19, 10900] loss: 0.283
[19, 11000] loss: 0.341
[19, 11100] loss: 0.373
[19, 11200] loss: 0.267
[19, 11300] loss: 0.308
[19, 11400] loss: 0.345
[19, 11500] loss: 0.411
[19, 11600] loss: 0.272
[19, 11700] loss: 0.321
[19, 11800] loss: 0.262
[19, 11900] loss: 0.266
[19, 12000] loss: 0.295
[19, 12100] loss: 0.302
[19, 12200] loss: 0.308
[19, 12300] loss: 0.281
[19, 12400] loss: 0.330
[19, 12500] loss: 0.294