[1,   100] loss: 2.306
[1,   200] loss: 2.217
[1,   300] loss: 2.374
[1,   400] loss: 2.214
[1,   500] loss: 2.102
[1,   600] loss: 2.250
[1,   700] loss: 2.204
[1,   800] loss: 2.277
[1,   900] loss: 2.380
[1,  1000] loss: 2.098
[1,  1100] loss: 2.162
[1,  1200] loss: 2.253
[1,  1300] loss: 2.178
[1,  1400] loss: 2.069
[1,  1500] loss: 2.281
[1,  1600] loss: 2.100
[1,  1700] loss: 2.221
[1,  1800] loss: 2.030
[1,  1900] loss: 2.156
[1,  2000] loss: 2.165
[1,  2100] loss: 2.216
[1,  2200] loss: 2.213
[1,  2300] loss: 2.189
[1,  2400] loss: 2.153
[1,  2500] loss: 2.186
[1,  2600] loss: 2.118
[1,  2700] loss: 2.169
[1,  2800] loss: 2.208
[1,  2900] loss: 2.100
[1,  3000] loss: 2.193
[1,  3100] loss: 2.186
[1,  3200] loss: 2.253
[1,  3300] loss: 2.076
[1,  3400] loss: 2.179
[1,  3500] loss: 2.050
[1,  3600] loss: 2.264
[1,  3700] loss: 2.184
[1,  3800] loss: 2.094
[1,  3900] loss: 2.124
[1,  4000] loss: 2.061
[1,  4100] loss: 2.233
[1,  4200] loss: 2.197
[1,  4300] loss: 1.965
[1,  4400] loss: 2.163
[1,  4500] loss: 2.136
[1,  4600] loss: 2.180
[1,  4700] loss: 2.044
[1,  4800] loss: 2.113
[1,  4900] loss: 2.128
[1,  5000] loss: 2.282
[1,  5100] loss: 2.176
[1,  5200] loss: 2.166
[1,  5300] loss: 2.181
[1,  5400] loss: 2.048
[1,  5500] loss: 2.192
[1,  5600] loss: 2.051
[1,  5700] loss: 2.150
[1,  5800] loss: 2.082
[1,  5900] loss: 2.162
[1,  6000] loss: 1.997
[1,  6100] loss: 2.122
[1,  6200] loss: 2.050
[1,  6300] loss: 1.993
[1,  6400] loss: 2.120
[1,  6500] loss: 2.277
[1,  6600] loss: 2.190
[1,  6700] loss: 2.260
[1,  6800] loss: 2.077
[1,  6900] loss: 2.322
[1,  7000] loss: 2.170
[1,  7100] loss: 2.042
[1,  7200] loss: 2.088
[1,  7300] loss: 2.239
[1,  7400] loss: 2.174
[1,  7500] loss: 2.230
[1,  7600] loss: 2.193
[1,  7700] loss: 2.335
[1,  7800] loss: 2.162
[1,  7900] loss: 2.135
[1,  8000] loss: 2.191
[1,  8100] loss: 2.217
[1,  8200] loss: 2.117
[1,  8300] loss: 2.283
[1,  8400] loss: 2.111
[1,  8500] loss: 2.239
[1,  8600] loss: 2.092
[1,  8700] loss: 2.205
[1,  8800] loss: 2.073
[1,  8900] loss: 2.143
[1,  9000] loss: 2.158
[1,  9100] loss: 2.241
[1,  9200] loss: 2.258
[1,  9300] loss: 2.113
[1,  9400] loss: 2.111
[1,  9500] loss: 2.181
[1,  9600] loss: 2.126
[1,  9700] loss: 1.908
[1,  9800] loss: 2.238
[1,  9900] loss: 2.200
[1, 10000] loss: 2.025
[1, 10100] loss: 2.181
[1, 10200] loss: 2.152
[1, 10300] loss: 2.141
[1, 10400] loss: 2.189
[1, 10500] loss: 2.135
[1, 10600] loss: 2.008
[1, 10700] loss: 2.308
[1, 10800] loss: 2.216
[1, 10900] loss: 2.113
[1, 11000] loss: 2.349
[1, 11100] loss: 2.178
[1, 11200] loss: 2.263
[1, 11300] loss: 2.060
[1, 11400] loss: 2.137
[1, 11500] loss: 2.199
[1, 11600] loss: 2.092
[1, 11700] loss: 2.064
[1, 11800] loss: 2.134
[1, 11900] loss: 2.088
[1, 12000] loss: 2.039
[1, 12100] loss: 2.047
[1, 12200] loss: 2.227
[1, 12300] loss: 2.200
[1, 12400] loss: 2.202
[1, 12500] loss: 2.277