[1,   100] loss: 2.306
[1,   200] loss: 2.304
[1,   300] loss: 2.286
[1,   400] loss: 2.198
[1,   500] loss: 2.220
[1,   600] loss: 2.194
[1,   700] loss: 2.204
[1,   800] loss: 2.186
[1,   900] loss: 2.176
[1,  1000] loss: 2.145
[1,  1100] loss: 2.131
[1,  1200] loss: 2.055
[1,  1300] loss: 2.072
[1,  1400] loss: 2.036
[1,  1500] loss: 2.018
[1,  1600] loss: 2.017
[1,  1700] loss: 2.009
[1,  1800] loss: 2.018
[1,  1900] loss: 2.020
[1,  2000] loss: 1.958
[1,  2100] loss: 1.994
[1,  2200] loss: 1.963
[1,  2300] loss: 2.011
[1,  2400] loss: 2.026
[1,  2500] loss: 2.035
[1,  2600] loss: 1.966
[1,  2700] loss: 1.870
[1,  2800] loss: 1.934
[1,  2900] loss: 1.993
[1,  3000] loss: 1.909
[1,  3100] loss: 1.969
[1,  3200] loss: 1.955
[1,  3300] loss: 1.872
[1,  3400] loss: 1.965
[1,  3500] loss: 1.890
[1,  3600] loss: 1.854
[1,  3700] loss: 1.876
[1,  3800] loss: 1.938
[1,  3900] loss: 1.890
[1,  4000] loss: 1.898
[1,  4100] loss: 1.819
[1,  4200] loss: 1.840
[1,  4300] loss: 1.881
[1,  4400] loss: 1.856
[1,  4500] loss: 1.891
[1,  4600] loss: 1.907
[1,  4700] loss: 1.839
[1,  4800] loss: 1.835
[1,  4900] loss: 1.777
[1,  5000] loss: 1.822
[1,  5100] loss: 1.803
[1,  5200] loss: 1.817
[1,  5300] loss: 1.807
[1,  5400] loss: 1.803
[1,  5500] loss: 1.797
[1,  5600] loss: 1.844
[1,  5700] loss: 1.798
[1,  5800] loss: 1.765
[1,  5900] loss: 1.822
[1,  6000] loss: 1.735
[1,  6100] loss: 1.835
[1,  6200] loss: 1.836
[1,  6300] loss: 1.788
[1,  6400] loss: 1.779
[1,  6500] loss: 1.761
[1,  6600] loss: 1.885
[1,  6700] loss: 1.733
[1,  6800] loss: 1.800
[1,  6900] loss: 1.824
[1,  7000] loss: 1.826
[1,  7100] loss: 1.790
[1,  7200] loss: 1.725
[1,  7300] loss: 1.715
[1,  7400] loss: 1.759
[1,  7500] loss: 1.725
[1,  7600] loss: 1.716
[1,  7700] loss: 1.761
[1,  7800] loss: 1.783
[1,  7900] loss: 1.735
[1,  8000] loss: 1.756
[1,  8100] loss: 1.821
[1,  8200] loss: 1.727
[1,  8300] loss: 1.675
[1,  8400] loss: 1.719
[1,  8500] loss: 1.779
[1,  8600] loss: 1.687
[1,  8700] loss: 1.836
[1,  8800] loss: 1.692
[1,  8900] loss: 1.670
[1,  9000] loss: 1.722
[1,  9100] loss: 1.730
[1,  9200] loss: 1.703
[1,  9300] loss: 1.762
[1,  9400] loss: 1.644
[1,  9500] loss: 1.768
[1,  9600] loss: 1.637
[1,  9700] loss: 1.726
[1,  9800] loss: 1.739
[1,  9900] loss: 1.669
[1, 10000] loss: 1.699
[1, 10100] loss: 1.749
[1, 10200] loss: 1.694
[1, 10300] loss: 1.668
[1, 10400] loss: 1.663
[1, 10500] loss: 1.742
[1, 10600] loss: 1.766
[1, 10700] loss: 1.740
[1, 10800] loss: 1.734
[1, 10900] loss: 1.696
[1, 11000] loss: 1.709
[1, 11100] loss: 1.689
[1, 11200] loss: 1.655
[1, 11300] loss: 1.657
[1, 11400] loss: 1.715
[1, 11500] loss: 1.709
[1, 11600] loss: 1.692
[1, 11700] loss: 1.535
[1, 11800] loss: 1.530
[1, 11900] loss: 1.690
[1, 12000] loss: 1.665
[1, 12100] loss: 1.770
[1, 12200] loss: 1.648
[1, 12300] loss: 1.605
[1, 12400] loss: 1.555
[1, 12500] loss: 1.682
[2,   100] loss: 1.578
[2,   200] loss: 1.612
[2,   300] loss: 1.628
[2,   400] loss: 1.669
[2,   500] loss: 1.582
[2,   600] loss: 1.693
[2,   700] loss: 1.587
[2,   800] loss: 1.602
[2,   900] loss: 1.666
[2,  1000] loss: 1.583
[2,  1100] loss: 1.644
[2,  1200] loss: 1.540
[2,  1300] loss: 1.571
[2,  1400] loss: 1.662
[2,  1500] loss: 1.565
[2,  1600] loss: 1.530
[2,  1700] loss: 1.621
[2,  1800] loss: 1.586
[2,  1900] loss: 1.600
[2,  2000] loss: 1.735
[2,  2100] loss: 1.583
[2,  2200] loss: 1.676
[2,  2300] loss: 1.659
[2,  2400] loss: 1.667
[2,  2500] loss: 1.553
[2,  2600] loss: 1.600
[2,  2700] loss: 1.589
[2,  2800] loss: 1.554
[2,  2900] loss: 1.622
[2,  3000] loss: 1.508
[2,  3100] loss: 1.602
[2,  3200] loss: 1.568
[2,  3300] loss: 1.618
[2,  3400] loss: 1.546
[2,  3500] loss: 1.543
[2,  3600] loss: 1.467
[2,  3700] loss: 1.643
[2,  3800] loss: 1.599
[2,  3900] loss: 1.544
[2,  4000] loss: 1.607
[2,  4100] loss: 1.575
[2,  4200] loss: 1.584
[2,  4300] loss: 1.564
[2,  4400] loss: 1.595
[2,  4500] loss: 1.505
[2,  4600] loss: 1.524
[2,  4700] loss: 1.562
[2,  4800] loss: 1.579
[2,  4900] loss: 1.455
[2,  5000] loss: 1.582
[2,  5100] loss: 1.596
[2,  5200] loss: 1.651
[2,  5300] loss: 1.486
[2,  5400] loss: 1.498
[2,  5500] loss: 1.619
[2,  5600] loss: 1.555
[2,  5700] loss: 1.556
[2,  5800] loss: 1.543
[2,  5900] loss: 1.633
[2,  6000] loss: 1.457
[2,  6100] loss: 1.532
[2,  6200] loss: 1.571
[2,  6300] loss: 1.675
[2,  6400] loss: 1.564
[2,  6500] loss: 1.481
[2,  6600] loss: 1.627
[2,  6700] loss: 1.607
[2,  6800] loss: 1.499
[2,  6900] loss: 1.509
[2,  7000] loss: 1.556
[2,  7100] loss: 1.462
[2,  7200] loss: 1.534
[2,  7300] loss: 1.519
[2,  7400] loss: 1.552
[2,  7500] loss: 1.563
[2,  7600] loss: 1.618
[2,  7700] loss: 1.563
[2,  7800] loss: 1.504
[2,  7900] loss: 1.600
[2,  8000] loss: 1.533
[2,  8100] loss: 1.481
[2,  8200] loss: 1.559
[2,  8300] loss: 1.605
[2,  8400] loss: 1.573
[2,  8500] loss: 1.485
[2,  8600] loss: 1.517
[2,  8700] loss: 1.572
[2,  8800] loss: 1.583
[2,  8900] loss: 1.647
[2,  9000] loss: 1.504
[2,  9100] loss: 1.650
[2,  9200] loss: 1.569
[2,  9300] loss: 1.595
[2,  9400] loss: 1.553
[2,  9500] loss: 1.495
[2,  9600] loss: 1.447
[2,  9700] loss: 1.535
[2,  9800] loss: 1.461
[2,  9900] loss: 1.628
[2, 10000] loss: 1.478
[2, 10100] loss: 1.549
[2, 10200] loss: 1.437
[2, 10300] loss: 1.544
[2, 10400] loss: 1.493
[2, 10500] loss: 1.505
[2, 10600] loss: 1.569
[2, 10700] loss: 1.567
[2, 10800] loss: 1.467
[2, 10900] loss: 1.554
[2, 11000] loss: 1.464
[2, 11100] loss: 1.530
[2, 11200] loss: 1.506
[2, 11300] loss: 1.536
[2, 11400] loss: 1.475
[2, 11500] loss: 1.454
[2, 11600] loss: 1.471
[2, 11700] loss: 1.478
[2, 11800] loss: 1.556
[2, 11900] loss: 1.437
[2, 12000] loss: 1.479
[2, 12100] loss: 1.498
[2, 12200] loss: 1.444
[2, 12300] loss: 1.480
[2, 12400] loss: 1.512
[2, 12500] loss: 1.506
[3,   100] loss: 1.415
[3,   200] loss: 1.430
[3,   300] loss: 1.484
[3,   400] loss: 1.415
[3,   500] loss: 1.454
[3,   600] loss: 1.405
[3,   700] loss: 1.496
[3,   800] loss: 1.438
[3,   900] loss: 1.546
[3,  1000] loss: 1.467
[3,  1100] loss: 1.506
[3,  1200] loss: 1.539
[3,  1300] loss: 1.460
[3,  1400] loss: 1.421
[3,  1500] loss: 1.372
[3,  1600] loss: 1.509
[3,  1700] loss: 1.452
[3,  1800] loss: 1.436
[3,  1900] loss: 1.464
[3,  2000] loss: 1.464
[3,  2100] loss: 1.372
[3,  2200] loss: 1.371
[3,  2300] loss: 1.457
[3,  2400] loss: 1.523
[3,  2500] loss: 1.449
[3,  2600] loss: 1.452
[3,  2700] loss: 1.378
[3,  2800] loss: 1.582
[3,  2900] loss: 1.545
[3,  3000] loss: 1.436
[3,  3100] loss: 1.454
[3,  3200] loss: 1.386
[3,  3300] loss: 1.380
[3,  3400] loss: 1.535
[3,  3500] loss: 1.510
[3,  3600] loss: 1.438
[3,  3700] loss: 1.480
[3,  3800] loss: 1.565
[3,  3900] loss: 1.463
[3,  4000] loss: 1.487
[3,  4100] loss: 1.481
[3,  4200] loss: 1.392
[3,  4300] loss: 1.355
[3,  4400] loss: 1.418
[3,  4500] loss: 1.440
[3,  4600] loss: 1.448
[3,  4700] loss: 1.376
[3,  4800] loss: 1.427
[3,  4900] loss: 1.384
[3,  5000] loss: 1.347
[3,  5100] loss: 1.465
[3,  5200] loss: 1.385
[3,  5300] loss: 1.444
[3,  5400] loss: 1.428
[3,  5500] loss: 1.397
[3,  5600] loss: 1.480
[3,  5700] loss: 1.457
[3,  5800] loss: 1.469
[3,  5900] loss: 1.439
[3,  6000] loss: 1.409
[3,  6100] loss: 1.480
[3,  6200] loss: 1.484
[3,  6300] loss: 1.407
[3,  6400] loss: 1.363
[3,  6500] loss: 1.363
[3,  6600] loss: 1.373
[3,  6700] loss: 1.353
[3,  6800] loss: 1.310
[3,  6900] loss: 1.468
[3,  7000] loss: 1.491
[3,  7100] loss: 1.402
[3,  7200] loss: 1.460
[3,  7300] loss: 1.359
[3,  7400] loss: 1.434
[3,  7500] loss: 1.407
[3,  7600] loss: 1.354
[3,  7700] loss: 1.411
[3,  7800] loss: 1.327
[3,  7900] loss: 1.378
[3,  8000] loss: 1.338
[3,  8100] loss: 1.429
[3,  8200] loss: 1.459
[3,  8300] loss: 1.532
[3,  8400] loss: 1.379
[3,  8500] loss: 1.478
[3,  8600] loss: 1.444
[3,  8700] loss: 1.362
[3,  8800] loss: 1.385
[3,  8900] loss: 1.372
[3,  9000] loss: 1.271
[3,  9100] loss: 1.248
[3,  9200] loss: 1.483
[3,  9300] loss: 1.422
[3,  9400] loss: 1.498
[3,  9500] loss: 1.486
[3,  9600] loss: 1.327
[3,  9700] loss: 1.516
[3,  9800] loss: 1.380
[3,  9900] loss: 1.463
[3, 10000] loss: 1.423
[3, 10100] loss: 1.467
[3, 10200] loss: 1.437
[3, 10300] loss: 1.405
[3, 10400] loss: 1.409
[3, 10500] loss: 1.403
[3, 10600] loss: 1.480
[3, 10700] loss: 1.435
[3, 10800] loss: 1.486
[3, 10900] loss: 1.454
[3, 11000] loss: 1.383
[3, 11100] loss: 1.286
[3, 11200] loss: 1.332
[3, 11300] loss: 1.362
[3, 11400] loss: 1.314
[3, 11500] loss: 1.315
[3, 11600] loss: 1.429
[3, 11700] loss: 1.441
[3, 11800] loss: 1.400
[3, 11900] loss: 1.417
[3, 12000] loss: 1.318
[3, 12100] loss: 1.438
[3, 12200] loss: 1.395
[3, 12300] loss: 1.477
[3, 12400] loss: 1.428
[3, 12500] loss: 1.364
[4,   100] loss: 1.455
[4,   200] loss: 1.341
[4,   300] loss: 1.327
[4,   400] loss: 1.268
[4,   500] loss: 1.327
[4,   600] loss: 1.273
[4,   700] loss: 1.368
[4,   800] loss: 1.300
[4,   900] loss: 1.373
[4,  1000] loss: 1.292
[4,  1100] loss: 1.377
[4,  1200] loss: 1.357
[4,  1300] loss: 1.316
[4,  1400] loss: 1.242
[4,  1500] loss: 1.302
[4,  1600] loss: 1.409
[4,  1700] loss: 1.532
[4,  1800] loss: 1.297
[4,  1900] loss: 1.359
[4,  2000] loss: 1.345
[4,  2100] loss: 1.315
[4,  2200] loss: 1.365
[4,  2300] loss: 1.283
[4,  2400] loss: 1.354
[4,  2500] loss: 1.403
[4,  2600] loss: 1.375
[4,  2700] loss: 1.357
[4,  2800] loss: 1.353
[4,  2900] loss: 1.368
[4,  3000] loss: 1.370
[4,  3100] loss: 1.398
[4,  3200] loss: 1.376
[4,  3300] loss: 1.374
[4,  3400] loss: 1.348
[4,  3500] loss: 1.347
[4,  3600] loss: 1.345
[4,  3700] loss: 1.269
[4,  3800] loss: 1.359
[4,  3900] loss: 1.301
[4,  4000] loss: 1.334
[4,  4100] loss: 1.312
[4,  4200] loss: 1.321
[4,  4300] loss: 1.348
[4,  4400] loss: 1.315
[4,  4500] loss: 1.264
[4,  4600] loss: 1.343
[4,  4700] loss: 1.271
[4,  4800] loss: 1.357
[4,  4900] loss: 1.412
[4,  5000] loss: 1.401
[4,  5100] loss: 1.345
[4,  5200] loss: 1.248
[4,  5300] loss: 1.317
[4,  5400] loss: 1.307
[4,  5500] loss: 1.280
[4,  5600] loss: 1.355
[4,  5700] loss: 1.372
[4,  5800] loss: 1.202
[4,  5900] loss: 1.320
[4,  6000] loss: 1.310
[4,  6100] loss: 1.371
[4,  6200] loss: 1.372
[4,  6300] loss: 1.242
[4,  6400] loss: 1.328
[4,  6500] loss: 1.260
[4,  6600] loss: 1.235
[4,  6700] loss: 1.351
[4,  6800] loss: 1.342
[4,  6900] loss: 1.339
[4,  7000] loss: 1.273
[4,  7100] loss: 1.319
[4,  7200] loss: 1.383
[4,  7300] loss: 1.309
[4,  7400] loss: 1.266
[4,  7500] loss: 1.401
[4,  7600] loss: 1.257
[4,  7700] loss: 1.467
[4,  7800] loss: 1.303
[4,  7900] loss: 1.376
[4,  8000] loss: 1.268
[4,  8100] loss: 1.367
[4,  8200] loss: 1.334
[4,  8300] loss: 1.324
[4,  8400] loss: 1.256
[4,  8500] loss: 1.314
[4,  8600] loss: 1.312
[4,  8700] loss: 1.335
[4,  8800] loss: 1.313
[4,  8900] loss: 1.346
[4,  9000] loss: 1.302
[4,  9100] loss: 1.273
[4,  9200] loss: 1.275
[4,  9300] loss: 1.257
[4,  9400] loss: 1.339
[4,  9500] loss: 1.419
[4,  9600] loss: 1.347
[4,  9700] loss: 1.286
[4,  9800] loss: 1.244
[4,  9900] loss: 1.262
[4, 10000] loss: 1.297
[4, 10100] loss: 1.236
[4, 10200] loss: 1.360
[4, 10300] loss: 1.334
[4, 10400] loss: 1.269
[4, 10500] loss: 1.228
[4, 10600] loss: 1.367
[4, 10700] loss: 1.295
[4, 10800] loss: 1.307
[4, 10900] loss: 1.335
[4, 11000] loss: 1.278
[4, 11100] loss: 1.267
[4, 11200] loss: 1.328
[4, 11300] loss: 1.258
[4, 11400] loss: 1.449
[4, 11500] loss: 1.353
[4, 11600] loss: 1.287
[4, 11700] loss: 1.331
[4, 11800] loss: 1.276
[4, 11900] loss: 1.305
[4, 12000] loss: 1.288
[4, 12100] loss: 1.250
[4, 12200] loss: 1.290
[4, 12300] loss: 1.342
[4, 12400] loss: 1.272
[4, 12500] loss: 1.361
[5,   100] loss: 1.239
[5,   200] loss: 1.182
[5,   300] loss: 1.174
[5,   400] loss: 1.288
[5,   500] loss: 1.251
[5,   600] loss: 1.200
[5,   700] loss: 1.132
[5,   800] loss: 1.237
[5,   900] loss: 1.276
[5,  1000] loss: 1.306
[5,  1100] loss: 1.278
[5,  1200] loss: 1.151
[5,  1300] loss: 1.159
[5,  1400] loss: 1.236
[5,  1500] loss: 1.317
[5,  1600] loss: 1.213
[5,  1700] loss: 1.300
[5,  1800] loss: 1.174
[5,  1900] loss: 1.244
[5,  2000] loss: 1.227
[5,  2100] loss: 1.285
[5,  2200] loss: 1.238
[5,  2300] loss: 1.268
[5,  2400] loss: 1.212
[5,  2500] loss: 1.136
[5,  2600] loss: 1.216
[5,  2700] loss: 1.312
[5,  2800] loss: 1.237
[5,  2900] loss: 1.313
[5,  3000] loss: 1.397
[5,  3100] loss: 1.292
[5,  3200] loss: 1.271
[5,  3300] loss: 1.280
[5,  3400] loss: 1.307
[5,  3500] loss: 1.204
[5,  3600] loss: 1.304
[5,  3700] loss: 1.243
[5,  3800] loss: 1.163
[5,  3900] loss: 1.218
[5,  4000] loss: 1.227
[5,  4100] loss: 1.278
[5,  4200] loss: 1.323
[5,  4300] loss: 1.259
[5,  4400] loss: 1.274
[5,  4500] loss: 1.310
[5,  4600] loss: 1.370
[5,  4700] loss: 1.186
[5,  4800] loss: 1.246
[5,  4900] loss: 1.204
[5,  5000] loss: 1.315
[5,  5100] loss: 1.302
[5,  5200] loss: 1.213
[5,  5300] loss: 1.209
[5,  5400] loss: 1.278
[5,  5500] loss: 1.229
[5,  5600] loss: 1.352
[5,  5700] loss: 1.174
[5,  5800] loss: 1.238
[5,  5900] loss: 1.153
[5,  6000] loss: 1.242
[5,  6100] loss: 1.170
[5,  6200] loss: 1.182
[5,  6300] loss: 1.318
[5,  6400] loss: 1.250
[5,  6500] loss: 1.351
[5,  6600] loss: 1.239
[5,  6700] loss: 1.220
[5,  6800] loss: 1.266
[5,  6900] loss: 1.241
[5,  7000] loss: 1.183
[5,  7100] loss: 1.322
[5,  7200] loss: 1.252
[5,  7300] loss: 1.359
[5,  7400] loss: 1.196
[5,  7500] loss: 1.171
[5,  7600] loss: 1.283
[5,  7700] loss: 1.219
[5,  7800] loss: 1.199
[5,  7900] loss: 1.318
[5,  8000] loss: 1.286
[5,  8100] loss: 1.246
[5,  8200] loss: 1.231
[5,  8300] loss: 1.234
[5,  8400] loss: 1.243
[5,  8500] loss: 1.150
[5,  8600] loss: 1.229
[5,  8700] loss: 1.190
[5,  8800] loss: 1.315
[5,  8900] loss: 1.271
[5,  9000] loss: 1.264
[5,  9100] loss: 1.111
[5,  9200] loss: 1.186
[5,  9300] loss: 1.290
[5,  9400] loss: 1.145
[5,  9500] loss: 1.265
[5,  9600] loss: 1.234
[5,  9700] loss: 1.321
[5,  9800] loss: 1.243
[5,  9900] loss: 1.188
[5, 10000] loss: 1.276
[5, 10100] loss: 1.283
[5, 10200] loss: 1.187
[5, 10300] loss: 1.194
[5, 10400] loss: 1.249
[5, 10500] loss: 1.187
[5, 10600] loss: 1.302
[5, 10700] loss: 1.205
[5, 10800] loss: 1.361
[5, 10900] loss: 1.169
[5, 11000] loss: 1.230
[5, 11100] loss: 1.271
[5, 11200] loss: 1.083
[5, 11300] loss: 1.194
[5, 11400] loss: 1.115
[5, 11500] loss: 1.163
[5, 11600] loss: 1.261
[5, 11700] loss: 1.249
[5, 11800] loss: 1.161
[5, 11900] loss: 1.238
[5, 12000] loss: 1.291
[5, 12100] loss: 1.258
[5, 12200] loss: 1.180
[5, 12300] loss: 1.244
[5, 12400] loss: 1.229
[5, 12500] loss: 1.170
[6,   100] loss: 1.103
[6,   200] loss: 1.078
[6,   300] loss: 1.112
[6,   400] loss: 1.228
[6,   500] loss: 1.058
[6,   600] loss: 1.141
[6,   700] loss: 1.108
[6,   800] loss: 1.248
[6,   900] loss: 1.102
[6,  1000] loss: 1.145
[6,  1100] loss: 1.122
[6,  1200] loss: 1.198
[6,  1300] loss: 1.120
[6,  1400] loss: 1.195
[6,  1500] loss: 1.143
[6,  1600] loss: 1.192
[6,  1700] loss: 1.157
[6,  1800] loss: 1.151
[6,  1900] loss: 1.142
[6,  2000] loss: 1.189
[6,  2100] loss: 1.101
[6,  2200] loss: 1.137
[6,  2300] loss: 1.144
[6,  2400] loss: 1.162
[6,  2500] loss: 1.129
[6,  2600] loss: 1.192
[6,  2700] loss: 1.106
[6,  2800] loss: 1.135
[6,  2900] loss: 1.116
[6,  3000] loss: 1.205
[6,  3100] loss: 1.177
[6,  3200] loss: 1.168
[6,  3300] loss: 1.153
[6,  3400] loss: 1.191
[6,  3500] loss: 1.217
[6,  3600] loss: 1.214
[6,  3700] loss: 1.096
[6,  3800] loss: 1.136
[6,  3900] loss: 1.177
[6,  4000] loss: 1.144
[6,  4100] loss: 1.188
[6,  4200] loss: 1.124
[6,  4300] loss: 1.180
[6,  4400] loss: 1.127
[6,  4500] loss: 1.173
[6,  4600] loss: 1.206
[6,  4700] loss: 1.177
[6,  4800] loss: 1.202
[6,  4900] loss: 1.186
[6,  5000] loss: 1.234
[6,  5100] loss: 1.199
[6,  5200] loss: 1.069
[6,  5300] loss: 1.206
[6,  5400] loss: 1.134
[6,  5500] loss: 1.211
[6,  5600] loss: 1.225
[6,  5700] loss: 1.186
[6,  5800] loss: 1.129
[6,  5900] loss: 1.124
[6,  6000] loss: 1.182
[6,  6100] loss: 1.226
[6,  6200] loss: 1.107
[6,  6300] loss: 1.188
[6,  6400] loss: 1.190
[6,  6500] loss: 1.048
[6,  6600] loss: 1.186
[6,  6700] loss: 1.097
[6,  6800] loss: 1.086
[6,  6900] loss: 1.153
[6,  7000] loss: 1.151
[6,  7100] loss: 1.089
[6,  7200] loss: 1.174
[6,  7300] loss: 1.215
[6,  7400] loss: 1.189
[6,  7500] loss: 1.124
[6,  7600] loss: 1.123
[6,  7700] loss: 1.172
[6,  7800] loss: 1.166
[6,  7900] loss: 1.132
[6,  8000] loss: 1.149
[6,  8100] loss: 1.211
[6,  8200] loss: 1.137
[6,  8300] loss: 1.148
[6,  8400] loss: 1.067
[6,  8500] loss: 1.118
[6,  8600] loss: 1.178
[6,  8700] loss: 1.163
[6,  8800] loss: 1.243
[6,  8900] loss: 1.196
[6,  9000] loss: 1.139
[6,  9100] loss: 1.154
[6,  9200] loss: 1.194
[6,  9300] loss: 1.127
[6,  9400] loss: 1.127
[6,  9500] loss: 1.209
[6,  9600] loss: 1.266
[6,  9700] loss: 1.097
[6,  9800] loss: 1.196
[6,  9900] loss: 1.148
[6, 10000] loss: 1.184
[6, 10100] loss: 1.118
[6, 10200] loss: 1.204
[6, 10300] loss: 1.181
[6, 10400] loss: 1.136
[6, 10500] loss: 1.105
[6, 10600] loss: 1.241
[6, 10700] loss: 1.256
[6, 10800] loss: 1.188
[6, 10900] loss: 1.197
[6, 11000] loss: 1.130
[6, 11100] loss: 1.121
[6, 11200] loss: 1.177
[6, 11300] loss: 1.117
[6, 11400] loss: 1.213
[6, 11500] loss: 1.120
[6, 11600] loss: 1.108
[6, 11700] loss: 1.182
[6, 11800] loss: 1.175
[6, 11900] loss: 1.081
[6, 12000] loss: 1.201
[6, 12100] loss: 1.157
[6, 12200] loss: 1.236
[6, 12300] loss: 1.164
[6, 12400] loss: 1.102
[6, 12500] loss: 1.036
[7,   100] loss: 1.021
[7,   200] loss: 1.126
[7,   300] loss: 1.044
[7,   400] loss: 1.106
[7,   500] loss: 1.106
[7,   600] loss: 1.119
[7,   700] loss: 1.041
[7,   800] loss: 1.114
[7,   900] loss: 1.051
[7,  1000] loss: 1.092
[7,  1100] loss: 1.060
[7,  1200] loss: 1.058
[7,  1300] loss: 1.083
[7,  1400] loss: 1.058
[7,  1500] loss: 1.100
[7,  1600] loss: 1.082
[7,  1700] loss: 1.145
[7,  1800] loss: 1.013
[7,  1900] loss: 0.953
[7,  2000] loss: 0.992
[7,  2100] loss: 0.980
[7,  2200] loss: 1.090
[7,  2300] loss: 1.086
[7,  2400] loss: 1.029
[7,  2500] loss: 1.052
[7,  2600] loss: 1.040
[7,  2700] loss: 1.068
[7,  2800] loss: 1.030
[7,  2900] loss: 1.126
[7,  3000] loss: 1.040
[7,  3100] loss: 1.104
[7,  3200] loss: 1.103
[7,  3300] loss: 1.203
[7,  3400] loss: 1.131
[7,  3500] loss: 1.153
[7,  3600] loss: 1.103
[7,  3700] loss: 1.037
[7,  3800] loss: 1.222
[7,  3900] loss: 1.227
[7,  4000] loss: 1.127
[7,  4100] loss: 1.120
[7,  4200] loss: 1.148
[7,  4300] loss: 1.080
[7,  4400] loss: 1.085
[7,  4500] loss: 1.142
[7,  4600] loss: 1.040
[7,  4700] loss: 1.050
[7,  4800] loss: 1.137
[7,  4900] loss: 1.132
[7,  5000] loss: 1.153
[7,  5100] loss: 1.023
[7,  5200] loss: 1.021
[7,  5300] loss: 1.014
[7,  5400] loss: 1.036
[7,  5500] loss: 1.052
[7,  5600] loss: 1.036
[7,  5700] loss: 0.963
[7,  5800] loss: 1.176
[7,  5900] loss: 1.200
[7,  6000] loss: 1.008
[7,  6100] loss: 1.074
[7,  6200] loss: 1.130
[7,  6300] loss: 1.062
[7,  6400] loss: 1.193
[7,  6500] loss: 1.197
[7,  6600] loss: 1.061
[7,  6700] loss: 1.024
[7,  6800] loss: 1.023
[7,  6900] loss: 1.185
[7,  7000] loss: 1.165
[7,  7100] loss: 1.143
[7,  7200] loss: 1.001
[7,  7300] loss: 1.186
[7,  7400] loss: 1.135
[7,  7500] loss: 0.989
[7,  7600] loss: 1.081
[7,  7700] loss: 1.030
[7,  7800] loss: 1.012
[7,  7900] loss: 1.058
[7,  8000] loss: 1.203
[7,  8100] loss: 1.114
[7,  8200] loss: 1.167
[7,  8300] loss: 1.136
[7,  8400] loss: 1.092
[7,  8500] loss: 1.069
[7,  8600] loss: 1.041
[7,  8700] loss: 1.138
[7,  8800] loss: 1.128
[7,  8900] loss: 1.033
[7,  9000] loss: 1.074
[7,  9100] loss: 1.151
[7,  9200] loss: 1.076
[7,  9300] loss: 1.079
[7,  9400] loss: 1.125
[7,  9500] loss: 1.130
[7,  9600] loss: 1.079
[7,  9700] loss: 1.005
[7,  9800] loss: 1.065
[7,  9900] loss: 1.151
[7, 10000] loss: 1.053
[7, 10100] loss: 1.183
[7, 10200] loss: 1.130
[7, 10300] loss: 1.145
[7, 10400] loss: 1.028
[7, 10500] loss: 1.042
[7, 10600] loss: 1.120
[7, 10700] loss: 1.061
[7, 10800] loss: 0.964
[7, 10900] loss: 1.102
[7, 11000] loss: 1.089
[7, 11100] loss: 1.031
[7, 11200] loss: 1.099
[7, 11300] loss: 1.060
[7, 11400] loss: 1.169
[7, 11500] loss: 1.180
[7, 11600] loss: 1.089
[7, 11700] loss: 1.135
[7, 11800] loss: 1.051
[7, 11900] loss: 1.096
[7, 12000] loss: 1.052
[7, 12100] loss: 1.082
[7, 12200] loss: 1.101
[7, 12300] loss: 1.079
[7, 12400] loss: 1.114
[7, 12500] loss: 1.051
[8,   100] loss: 0.931
[8,   200] loss: 1.079
[8,   300] loss: 0.886
[8,   400] loss: 1.011
[8,   500] loss: 0.889
[8,   600] loss: 1.003
[8,   700] loss: 0.979
[8,   800] loss: 0.976
[8,   900] loss: 0.919
[8,  1000] loss: 0.887
[8,  1100] loss: 0.989
[8,  1200] loss: 0.967
[8,  1300] loss: 0.943
[8,  1400] loss: 1.001
[8,  1500] loss: 0.978
[8,  1600] loss: 1.019
[8,  1700] loss: 1.034
[8,  1800] loss: 0.958
[8,  1900] loss: 1.014
[8,  2000] loss: 0.918
[8,  2100] loss: 0.924
[8,  2200] loss: 1.059
[8,  2300] loss: 0.991
[8,  2400] loss: 1.029
[8,  2500] loss: 1.072
[8,  2600] loss: 0.933
[8,  2700] loss: 1.005
[8,  2800] loss: 0.954
[8,  2900] loss: 1.012
[8,  3000] loss: 1.012
[8,  3100] loss: 1.014
[8,  3200] loss: 1.006
[8,  3300] loss: 1.025
[8,  3400] loss: 1.042
[8,  3500] loss: 1.063
[8,  3600] loss: 1.060
[8,  3700] loss: 1.006
[8,  3800] loss: 0.998
[8,  3900] loss: 0.988
[8,  4000] loss: 1.054
[8,  4100] loss: 1.035
[8,  4200] loss: 0.978
[8,  4300] loss: 1.088
[8,  4400] loss: 0.961
[8,  4500] loss: 0.875
[8,  4600] loss: 1.077
[8,  4700] loss: 0.995
[8,  4800] loss: 0.976
[8,  4900] loss: 0.965
[8,  5000] loss: 1.103
[8,  5100] loss: 1.002
[8,  5200] loss: 0.974
[8,  5300] loss: 1.103
[8,  5400] loss: 0.983
[8,  5500] loss: 1.000
[8,  5600] loss: 1.132
[8,  5700] loss: 0.985
[8,  5800] loss: 1.017
[8,  5900] loss: 1.115
[8,  6000] loss: 1.044
[8,  6100] loss: 1.059
[8,  6200] loss: 0.992
[8,  6300] loss: 0.977
[8,  6400] loss: 0.955
[8,  6500] loss: 1.070
[8,  6600] loss: 0.960
[8,  6700] loss: 1.077
[8,  6800] loss: 0.966
[8,  6900] loss: 1.005
[8,  7000] loss: 1.008
[8,  7100] loss: 1.089
[8,  7200] loss: 0.971
[8,  7300] loss: 0.927
[8,  7400] loss: 1.084
[8,  7500] loss: 0.950
[8,  7600] loss: 1.045
[8,  7700] loss: 1.168
[8,  7800] loss: 1.048
[8,  7900] loss: 1.056
[8,  8000] loss: 1.011
[8,  8100] loss: 1.025
[8,  8200] loss: 1.008
[8,  8300] loss: 1.045
[8,  8400] loss: 1.021
[8,  8500] loss: 1.048
[8,  8600] loss: 1.079
[8,  8700] loss: 1.064
[8,  8800] loss: 1.083
[8,  8900] loss: 1.043
[8,  9000] loss: 0.938
[8,  9100] loss: 1.065
[8,  9200] loss: 1.040
[8,  9300] loss: 1.088
[8,  9400] loss: 0.973
[8,  9500] loss: 0.983
[8,  9600] loss: 1.174
[8,  9700] loss: 1.083
[8,  9800] loss: 0.967
[8,  9900] loss: 1.015
[8, 10000] loss: 1.059
[8, 10100] loss: 1.010
[8, 10200] loss: 0.964
[8, 10300] loss: 0.971
[8, 10400] loss: 0.981
[8, 10500] loss: 1.065
[8, 10600] loss: 1.044
[8, 10700] loss: 1.111
[8, 10800] loss: 1.042
[8, 10900] loss: 1.109
[8, 11000] loss: 1.050
[8, 11100] loss: 0.928
[8, 11200] loss: 1.027
[8, 11300] loss: 1.097
[8, 11400] loss: 1.137
[8, 11500] loss: 1.047
[8, 11600] loss: 1.121
[8, 11700] loss: 1.063
[8, 11800] loss: 1.150
[8, 11900] loss: 1.028
[8, 12000] loss: 1.134
[8, 12100] loss: 1.023
[8, 12200] loss: 0.993
[8, 12300] loss: 0.900
[8, 12400] loss: 1.043
[8, 12500] loss: 1.064
[9,   100] loss: 0.830
[9,   200] loss: 0.909
[9,   300] loss: 0.820
[9,   400] loss: 0.908
[9,   500] loss: 0.920
[9,   600] loss: 0.896
[9,   700] loss: 0.902
[9,   800] loss: 0.803
[9,   900] loss: 0.989
[9,  1000] loss: 0.923
[9,  1100] loss: 0.885
[9,  1200] loss: 0.855
[9,  1300] loss: 0.804
[9,  1400] loss: 0.939
[9,  1500] loss: 0.948
[9,  1600] loss: 0.875
[9,  1700] loss: 0.871
[9,  1800] loss: 0.889
[9,  1900] loss: 0.886
[9,  2000] loss: 0.854
[9,  2100] loss: 0.856
[9,  2200] loss: 0.915
[9,  2300] loss: 0.994
[9,  2400] loss: 0.973
[9,  2500] loss: 0.921
[9,  2600] loss: 0.940
[9,  2700] loss: 1.008
[9,  2800] loss: 1.012
[9,  2900] loss: 0.981
[9,  3000] loss: 0.914
[9,  3100] loss: 0.858
[9,  3200] loss: 0.959
[9,  3300] loss: 0.924
[9,  3400] loss: 0.995
[9,  3500] loss: 0.850
[9,  3600] loss: 0.969
[9,  3700] loss: 0.907
[9,  3800] loss: 0.829
[9,  3900] loss: 1.118
[9,  4000] loss: 0.884
[9,  4100] loss: 0.950
[9,  4200] loss: 0.997
[9,  4300] loss: 1.007
[9,  4400] loss: 0.954
[9,  4500] loss: 0.958
[9,  4600] loss: 0.976
[9,  4700] loss: 0.874
[9,  4800] loss: 0.914
[9,  4900] loss: 0.932
[9,  5000] loss: 0.955
[9,  5100] loss: 0.999
[9,  5200] loss: 1.059
[9,  5300] loss: 0.954
[9,  5400] loss: 0.930
[9,  5500] loss: 1.007
[9,  5600] loss: 1.002
[9,  5700] loss: 0.885
[9,  5800] loss: 0.991
[9,  5900] loss: 1.087
[9,  6000] loss: 0.991
[9,  6100] loss: 0.944
[9,  6200] loss: 0.941
[9,  6300] loss: 0.984
[9,  6400] loss: 0.935
[9,  6500] loss: 1.080
[9,  6600] loss: 0.989
[9,  6700] loss: 0.981
[9,  6800] loss: 0.955
[9,  6900] loss: 1.025
[9,  7000] loss: 1.009
[9,  7100] loss: 1.010
[9,  7200] loss: 0.986
[9,  7300] loss: 0.950
[9,  7400] loss: 0.979
[9,  7500] loss: 1.015
[9,  7600] loss: 0.960
[9,  7700] loss: 0.893
[9,  7800] loss: 0.893
[9,  7900] loss: 0.863
[9,  8000] loss: 1.039
[9,  8100] loss: 0.977
[9,  8200] loss: 0.960
[9,  8300] loss: 0.948
[9,  8400] loss: 0.987
[9,  8500] loss: 0.997
[9,  8600] loss: 0.951
[9,  8700] loss: 0.951
[9,  8800] loss: 0.995
[9,  8900] loss: 0.948
[9,  9000] loss: 0.967
[9,  9100] loss: 1.046
[9,  9200] loss: 1.008
[9,  9300] loss: 0.961
[9,  9400] loss: 0.965
[9,  9500] loss: 0.986
[9,  9600] loss: 1.018
[9,  9700] loss: 0.934
[9,  9800] loss: 0.875
[9,  9900] loss: 1.044
[9, 10000] loss: 0.955
[9, 10100] loss: 0.999
[9, 10200] loss: 1.016
[9, 10300] loss: 1.039
[9, 10400] loss: 0.925
[9, 10500] loss: 1.004
[9, 10600] loss: 1.039
[9, 10700] loss: 0.930
[9, 10800] loss: 0.882
[9, 10900] loss: 0.952
[9, 11000] loss: 0.962
[9, 11100] loss: 1.032
[9, 11200] loss: 1.026
[9, 11300] loss: 1.001
[9, 11400] loss: 1.039
[9, 11500] loss: 0.985
[9, 11600] loss: 1.034
[9, 11700] loss: 0.958
[9, 11800] loss: 0.988
[9, 11900] loss: 0.915
[9, 12000] loss: 0.973
[9, 12100] loss: 0.994
[9, 12200] loss: 1.090
[9, 12300] loss: 0.999
[9, 12400] loss: 1.012
[9, 12500] loss: 0.965
[10,   100] loss: 0.804
[10,   200] loss: 0.829
[10,   300] loss: 0.840
[10,   400] loss: 0.859
[10,   500] loss: 0.896
[10,   600] loss: 0.852
[10,   700] loss: 0.843
[10,   800] loss: 0.908
[10,   900] loss: 0.746
[10,  1000] loss: 0.790
[10,  1100] loss: 0.841
[10,  1200] loss: 0.807
[10,  1300] loss: 0.848
[10,  1400] loss: 0.862
[10,  1500] loss: 0.802
[10,  1600] loss: 0.858
[10,  1700] loss: 0.796
[10,  1800] loss: 0.909
[10,  1900] loss: 0.950
[10,  2000] loss: 0.886
[10,  2100] loss: 0.939
[10,  2200] loss: 0.826
[10,  2300] loss: 0.837
[10,  2400] loss: 0.766
[10,  2500] loss: 0.675
[10,  2600] loss: 0.884
[10,  2700] loss: 0.794
[10,  2800] loss: 0.923
[10,  2900] loss: 0.867
[10,  3000] loss: 0.894
[10,  3100] loss: 0.913
[10,  3200] loss: 0.845
[10,  3300] loss: 0.868
[10,  3400] loss: 0.857
[10,  3500] loss: 0.861
[10,  3600] loss: 0.890
[10,  3700] loss: 0.895
[10,  3800] loss: 0.793
[10,  3900] loss: 0.964
[10,  4000] loss: 0.896
[10,  4100] loss: 0.920
[10,  4200] loss: 0.892
[10,  4300] loss: 0.880
[10,  4400] loss: 0.897
[10,  4500] loss: 0.894
[10,  4600] loss: 0.890
[10,  4700] loss: 0.946
[10,  4800] loss: 0.873
[10,  4900] loss: 0.861
[10,  5000] loss: 0.855
[10,  5100] loss: 0.848
[10,  5200] loss: 1.011
[10,  5300] loss: 0.945
[10,  5400] loss: 0.880
[10,  5500] loss: 0.842
[10,  5600] loss: 0.821
[10,  5700] loss: 0.882
[10,  5800] loss: 0.978
[10,  5900] loss: 0.996
[10,  6000] loss: 0.960
[10,  6100] loss: 0.822
[10,  6200] loss: 0.913
[10,  6300] loss: 1.046
[10,  6400] loss: 0.903
[10,  6500] loss: 1.014
[10,  6600] loss: 0.891
[10,  6700] loss: 0.950
[10,  6800] loss: 0.786
[10,  6900] loss: 0.951
[10,  7000] loss: 0.912
[10,  7100] loss: 0.897
[10,  7200] loss: 0.985
[10,  7300] loss: 0.878
[10,  7400] loss: 0.951
[10,  7500] loss: 0.910
[10,  7600] loss: 0.969
[10,  7700] loss: 0.947
[10,  7800] loss: 0.812
[10,  7900] loss: 0.913
[10,  8000] loss: 0.844
[10,  8100] loss: 0.943
[10,  8200] loss: 0.887
[10,  8300] loss: 0.827
[10,  8400] loss: 0.994
[10,  8500] loss: 0.978
[10,  8600] loss: 0.881
[10,  8700] loss: 0.940
[10,  8800] loss: 0.888
[10,  8900] loss: 0.874
[10,  9000] loss: 0.917
[10,  9100] loss: 0.885
[10,  9200] loss: 0.927
[10,  9300] loss: 0.919
[10,  9400] loss: 0.889
[10,  9500] loss: 0.964
[10,  9600] loss: 0.991
[10,  9700] loss: 0.848
[10,  9800] loss: 0.915
[10,  9900] loss: 0.782
[10, 10000] loss: 0.897
[10, 10100] loss: 0.883
[10, 10200] loss: 0.895
[10, 10300] loss: 0.897
[10, 10400] loss: 0.962
[10, 10500] loss: 0.886
[10, 10600] loss: 0.995
[10, 10700] loss: 0.933
[10, 10800] loss: 0.909
[10, 10900] loss: 0.866
[10, 11000] loss: 0.958
[10, 11100] loss: 0.977
[10, 11200] loss: 0.977
[10, 11300] loss: 0.890
[10, 11400] loss: 0.939
[10, 11500] loss: 0.938
[10, 11600] loss: 0.966
[10, 11700] loss: 0.989
[10, 11800] loss: 0.846
[10, 11900] loss: 0.990
[10, 12000] loss: 0.912
[10, 12100] loss: 0.835
[10, 12200] loss: 0.903
[10, 12300] loss: 0.811
[10, 12400] loss: 0.964
[10, 12500] loss: 0.828
[11,   100] loss: 0.798
[11,   200] loss: 0.849
[11,   300] loss: 0.722
[11,   400] loss: 0.726
[11,   500] loss: 0.792
[11,   600] loss: 0.808
[11,   700] loss: 0.894
[11,   800] loss: 0.820
[11,   900] loss: 0.797
[11,  1000] loss: 0.743
[11,  1100] loss: 0.838
[11,  1200] loss: 0.777
[11,  1300] loss: 0.782
[11,  1400] loss: 0.823
[11,  1500] loss: 0.826
[11,  1600] loss: 0.815
[11,  1700] loss: 0.752
[11,  1800] loss: 0.821
[11,  1900] loss: 0.799
[11,  2000] loss: 0.791
[11,  2100] loss: 0.822
[11,  2200] loss: 0.766
[11,  2300] loss: 0.854
[11,  2400] loss: 0.859
[11,  2500] loss: 0.767
[11,  2600] loss: 0.869
[11,  2700] loss: 0.838
[11,  2800] loss: 0.791
[11,  2900] loss: 0.802
[11,  3000] loss: 0.825
[11,  3100] loss: 0.711
[11,  3200] loss: 0.794
[11,  3300] loss: 0.706
[11,  3400] loss: 0.849
[11,  3500] loss: 0.884
[11,  3600] loss: 0.871
[11,  3700] loss: 0.820
[11,  3800] loss: 0.843
[11,  3900] loss: 0.851
[11,  4000] loss: 0.860
[11,  4100] loss: 0.896
[11,  4200] loss: 0.903
[11,  4300] loss: 0.956
[11,  4400] loss: 0.870
[11,  4500] loss: 0.845
[11,  4600] loss: 0.907
[11,  4700] loss: 0.861
[11,  4800] loss: 0.818
[11,  4900] loss: 0.814
[11,  5000] loss: 0.718
[11,  5100] loss: 0.867
[11,  5200] loss: 0.797
[11,  5300] loss: 0.832
[11,  5400] loss: 0.896
[11,  5500] loss: 0.838
[11,  5600] loss: 0.842
[11,  5700] loss: 0.952
[11,  5800] loss: 0.766
[11,  5900] loss: 0.830
[11,  6000] loss: 0.786
[11,  6100] loss: 0.830
[11,  6200] loss: 0.874
[11,  6300] loss: 0.946
[11,  6400] loss: 0.827
[11,  6500] loss: 0.815
[11,  6600] loss: 0.811
[11,  6700] loss: 0.843
[11,  6800] loss: 0.856
[11,  6900] loss: 0.900
[11,  7000] loss: 0.795
[11,  7100] loss: 0.903
[11,  7200] loss: 0.850
[11,  7300] loss: 0.913
[11,  7400] loss: 0.944
[11,  7500] loss: 1.021
[11,  7600] loss: 0.843
[11,  7700] loss: 0.787
[11,  7800] loss: 0.958
[11,  7900] loss: 0.823
[11,  8000] loss: 0.952
[11,  8100] loss: 0.769
[11,  8200] loss: 0.889
[11,  8300] loss: 0.768
[11,  8400] loss: 0.750
[11,  8500] loss: 0.887
[11,  8600] loss: 0.955
[11,  8700] loss: 0.864
[11,  8800] loss: 0.862
[11,  8900] loss: 0.973
[11,  9000] loss: 0.923
[11,  9100] loss: 0.866
[11,  9200] loss: 0.800
[11,  9300] loss: 0.869
[11,  9400] loss: 0.788
[11,  9500] loss: 0.929
[11,  9600] loss: 0.882
[11,  9700] loss: 0.854
[11,  9800] loss: 0.851
[11,  9900] loss: 0.882
[11, 10000] loss: 0.865
[11, 10100] loss: 0.764
[11, 10200] loss: 0.874
[11, 10300] loss: 0.934
[11, 10400] loss: 0.953
[11, 10500] loss: 0.840
[11, 10600] loss: 0.846
[11, 10700] loss: 0.836
[11, 10800] loss: 0.819
[11, 10900] loss: 0.842
[11, 11000] loss: 0.938
[11, 11100] loss: 0.904
[11, 11200] loss: 0.936
[11, 11300] loss: 0.882
[11, 11400] loss: 1.030
[11, 11500] loss: 0.944
[11, 11600] loss: 0.771
[11, 11700] loss: 0.840
[11, 11800] loss: 0.882
[11, 11900] loss: 0.856
[11, 12000] loss: 0.921
[11, 12100] loss: 0.913
[11, 12200] loss: 0.788
[11, 12300] loss: 0.943
[11, 12400] loss: 0.879
[11, 12500] loss: 0.981
[12,   100] loss: 0.685
[12,   200] loss: 0.688
[12,   300] loss: 0.731
[12,   400] loss: 0.671
[12,   500] loss: 0.649
[12,   600] loss: 0.735
[12,   700] loss: 0.696
[12,   800] loss: 0.730
[12,   900] loss: 0.792
[12,  1000] loss: 0.689
[12,  1100] loss: 0.714
[12,  1200] loss: 0.733
[12,  1300] loss: 0.658
[12,  1400] loss: 0.744
[12,  1500] loss: 0.672
[12,  1600] loss: 0.830
[12,  1700] loss: 0.705
[12,  1800] loss: 0.691
[12,  1900] loss: 0.622
[12,  2000] loss: 0.773
[12,  2100] loss: 0.628
[12,  2200] loss: 0.655
[12,  2300] loss: 0.745
[12,  2400] loss: 0.695
[12,  2500] loss: 0.688
[12,  2600] loss: 0.779
[12,  2700] loss: 0.695
[12,  2800] loss: 0.731
[12,  2900] loss: 0.765
[12,  3000] loss: 0.765
[12,  3100] loss: 0.729
[12,  3200] loss: 0.866
[12,  3300] loss: 0.773
[12,  3400] loss: 0.779
[12,  3500] loss: 0.809
[12,  3600] loss: 0.727
[12,  3700] loss: 0.806
[12,  3800] loss: 0.831
[12,  3900] loss: 0.694
[12,  4000] loss: 0.749
[12,  4100] loss: 0.707
[12,  4200] loss: 0.768
[12,  4300] loss: 0.726
[12,  4400] loss: 0.822
[12,  4500] loss: 0.784
[12,  4600] loss: 0.812
[12,  4700] loss: 0.859
[12,  4800] loss: 0.784
[12,  4900] loss: 0.849
[12,  5000] loss: 0.743
[12,  5100] loss: 0.791
[12,  5200] loss: 0.791
[12,  5300] loss: 0.755
[12,  5400] loss: 0.768
[12,  5500] loss: 0.801
[12,  5600] loss: 0.795
[12,  5700] loss: 0.821
[12,  5800] loss: 0.810
[12,  5900] loss: 0.760
[12,  6000] loss: 0.782
[12,  6100] loss: 0.754
[12,  6200] loss: 0.893
[12,  6300] loss: 0.802
[12,  6400] loss: 0.867
[12,  6500] loss: 0.942
[12,  6600] loss: 0.781
[12,  6700] loss: 0.831
[12,  6800] loss: 0.852
[12,  6900] loss: 0.733
[12,  7000] loss: 0.749
[12,  7100] loss: 0.754
[12,  7200] loss: 0.736
[12,  7300] loss: 0.868
[12,  7400] loss: 0.813
[12,  7500] loss: 0.974
[12,  7600] loss: 0.860
[12,  7700] loss: 0.804
[12,  7800] loss: 0.781
[12,  7900] loss: 0.854
[12,  8000] loss: 0.841
[12,  8100] loss: 0.749
[12,  8200] loss: 0.835
[12,  8300] loss: 0.825
[12,  8400] loss: 0.918
[12,  8500] loss: 0.869
[12,  8600] loss: 0.891
[12,  8700] loss: 0.804
[12,  8800] loss: 0.758
[12,  8900] loss: 0.857
[12,  9000] loss: 0.939
[12,  9100] loss: 0.763
[12,  9200] loss: 0.873
[12,  9300] loss: 0.785
[12,  9400] loss: 0.811
[12,  9500] loss: 0.816
[12,  9600] loss: 0.812
[12,  9700] loss: 0.884
[12,  9800] loss: 0.799
[12,  9900] loss: 0.729
[12, 10000] loss: 0.889
[12, 10100] loss: 0.838
[12, 10200] loss: 0.915
[12, 10300] loss: 0.864
[12, 10400] loss: 0.850
[12, 10500] loss: 0.800
[12, 10600] loss: 0.838
[12, 10700] loss: 0.905
[12, 10800] loss: 0.844
[12, 10900] loss: 0.798
[12, 11000] loss: 0.831
[12, 11100] loss: 0.818
[12, 11200] loss: 0.939
[12, 11300] loss: 0.847
[12, 11400] loss: 0.841
[12, 11500] loss: 0.954
[12, 11600] loss: 0.922
[12, 11700] loss: 0.886
[12, 11800] loss: 0.882
[12, 11900] loss: 0.842
[12, 12000] loss: 0.861
[12, 12100] loss: 0.834
[12, 12200] loss: 0.774
[12, 12300] loss: 0.806
[12, 12400] loss: 0.802
[12, 12500] loss: 0.838
[13,   100] loss: 0.678
[13,   200] loss: 0.708
[13,   300] loss: 0.657
[13,   400] loss: 0.752
[13,   500] loss: 0.621
[13,   600] loss: 0.719
[13,   700] loss: 0.612
[13,   800] loss: 0.683
[13,   900] loss: 0.666
[13,  1000] loss: 0.661
[13,  1100] loss: 0.704
[13,  1200] loss: 0.683
[13,  1300] loss: 0.755
[13,  1400] loss: 0.667
[13,  1500] loss: 0.626
[13,  1600] loss: 0.652
[13,  1700] loss: 0.663
[13,  1800] loss: 0.660
[13,  1900] loss: 0.648
[13,  2000] loss: 0.650
[13,  2100] loss: 0.642
[13,  2200] loss: 0.725
[13,  2300] loss: 0.698
[13,  2400] loss: 0.727
[13,  2500] loss: 0.784
[13,  2600] loss: 0.705
[13,  2700] loss: 0.701
[13,  2800] loss: 0.697
[13,  2900] loss: 0.838
[13,  3000] loss: 0.722
[13,  3100] loss: 0.807
[13,  3200] loss: 0.818
[13,  3300] loss: 0.677
[13,  3400] loss: 0.765
[13,  3500] loss: 0.739
[13,  3600] loss: 0.780
[13,  3700] loss: 0.715
[13,  3800] loss: 0.763
[13,  3900] loss: 0.732
[13,  4000] loss: 0.856
[13,  4100] loss: 0.655
[13,  4200] loss: 0.855
[13,  4300] loss: 0.767
[13,  4400] loss: 0.831
[13,  4500] loss: 0.753
[13,  4600] loss: 0.788
[13,  4700] loss: 0.873
[13,  4800] loss: 0.781
[13,  4900] loss: 0.834
[13,  5000] loss: 0.763
[13,  5100] loss: 0.852
[13,  5200] loss: 0.734
[13,  5300] loss: 0.757
[13,  5400] loss: 0.828
[13,  5500] loss: 0.681
[13,  5600] loss: 0.800
[13,  5700] loss: 0.818
[13,  5800] loss: 0.866
[13,  5900] loss: 0.765
[13,  6000] loss: 0.749
[13,  6100] loss: 0.816
[13,  6200] loss: 0.791
[13,  6300] loss: 0.754
[13,  6400] loss: 0.865
[13,  6500] loss: 0.838
[13,  6600] loss: 0.713
[13,  6700] loss: 0.850
[13,  6800] loss: 0.732
[13,  6900] loss: 0.764
[13,  7000] loss: 0.859
[13,  7100] loss: 0.829
[13,  7200] loss: 0.779
[13,  7300] loss: 0.817
[13,  7400] loss: 0.729
[13,  7500] loss: 0.769
[13,  7600] loss: 0.758
[13,  7700] loss: 0.747
[13,  7800] loss: 0.922
[13,  7900] loss: 0.780
[13,  8000] loss: 0.795
[13,  8100] loss: 0.816
[13,  8200] loss: 0.794
[13,  8300] loss: 0.769
[13,  8400] loss: 0.768
[13,  8500] loss: 0.866
[13,  8600] loss: 0.802
[13,  8700] loss: 0.736
[13,  8800] loss: 0.824
[13,  8900] loss: 0.792
[13,  9000] loss: 0.821
[13,  9100] loss: 0.742
[13,  9200] loss: 0.817
[13,  9300] loss: 0.804
[13,  9400] loss: 0.823
[13,  9500] loss: 0.746
[13,  9600] loss: 0.858
[13,  9700] loss: 0.816
[13,  9800] loss: 0.688
[13,  9900] loss: 0.800
[13, 10000] loss: 0.857
[13, 10100] loss: 0.736
[13, 10200] loss: 0.757
[13, 10300] loss: 0.849
[13, 10400] loss: 0.793
[13, 10500] loss: 0.755
[13, 10600] loss: 0.747
[13, 10700] loss: 0.794
[13, 10800] loss: 0.901
[13, 10900] loss: 0.828
[13, 11000] loss: 0.672
[13, 11100] loss: 0.723
[13, 11200] loss: 0.805
[13, 11300] loss: 0.687
[13, 11400] loss: 0.763
[13, 11500] loss: 0.855
[13, 11600] loss: 0.818
[13, 11700] loss: 0.863
[13, 11800] loss: 0.842
[13, 11900] loss: 0.800
[13, 12000] loss: 0.795
[13, 12100] loss: 0.731
[13, 12200] loss: 0.745
[13, 12300] loss: 0.835
[13, 12400] loss: 0.881
[13, 12500] loss: 0.794